   0.000000   11.090829
   1.000000   11.288070
   2.000000   11.490617
   3.000000   11.698661
   4.000000   11.912401
   5.000000   12.132044
   6.000000   12.357805
   7.000000   12.589913
   8.000000   12.828604
   9.000000   13.074126
  10.000000   13.326738
  11.000000   13.586713
  12.000000   13.854335
  13.000000   14.129903
  14.000000   14.413730
  15.000000   14.706144
  16.000000   15.007490
  17.000000   15.318129
  18.000000   15.638442
  19.000000   15.968826
  20.000000   16.309702
  21.000000   16.661511
  22.000000   17.024717
  23.000000   17.399808
  24.000000   17.787298
  25.000000   18.187729
  26.000000   18.601672
  27.000000   19.029730
  28.000000   19.472537
  29.000000   19.930764
  30.000000   20.405120
  31.000000   20.896352
  32.000000   21.405251
  33.000000   21.932654
  34.000000   22.479445
  35.000000   23.046563
  36.000000   23.635000
  37.000000   24.245808
  38.000000   24.880103
  39.000000   25.539069
  40.000000   26.223963
  41.000000   26.936119
  42.000000   27.676958
  43.000000   28.447987
  44.000000   29.250813
  45.000000   30.087144
  46.000000   30.958800
  47.000000   31.867724
  48.000000   32.815982
  49.000000   33.805784
  50.000000   34.839485
  51.000000   35.919603
  52.000000   37.048830
  53.000000   38.230040
  54.000000   39.466313
  55.000000   40.760941
  56.000000   42.117453
  57.000000   43.539627
  58.000000   45.031513
  59.000000   46.597455
  60.000000   48.242110
  61.000000   49.970475
  62.000000   51.787912
  63.000000   53.700179
  64.000000   55.713453
  65.000000   57.834367
  66.000000   60.070040
  67.000000   62.428113
  68.000000   64.916781
  69.000000   67.544833
  70.000000   70.321686
  71.000000   73.257420
  72.000000   76.362813
  73.000000   79.649373
  74.000000   83.129361
  75.000000   86.815813
  76.000000   90.722547
  77.000000   94.864158
  78.000000   99.255995
  79.000000  103.914109
  80.000000  108.855176
  81.000000  114.096370
  82.000000  119.655190
  83.000000  125.549217
  84.000000  131.795794
  85.000000  138.411600
  86.000000  145.412104
  87.000000  152.810885
  88.000000  160.618768
  89.000000  168.842786
  90.000000  177.484912
  91.000000  186.540581
  92.000000  195.996968
  93.000000  205.831053
  94.000000  216.007515
  95.000000  226.476529
  96.000000  237.171578
  97.000000  248.007491
  98.000000  258.878914
  99.000000  269.659533
 100.000000  280.202376
 101.000000  290.341546
 102.000000  299.895676
 103.000000  308.673309
 104.000000  316.480179
 105.000000  323.128148
 106.000000  328.445226
 107.000000  332.285846
 108.000000  334.540341
 109.000000  335.142544
 110.000000  334.074564
 111.000000  331.368099
 112.000000  327.102112
 113.000000  321.397188
 114.000000  314.407304
 115.000000  306.310013
 116.000000  297.296146
 117.000000  287.560021
 118.000000  277.290923
 119.000000  266.666345
 120.000000  255.847155
 121.000000  244.974648
 122.000000  234.169247
 123.000000  223.530537
 124.000000  213.138290
 125.000000  203.054136
 126.000000  193.323617
 127.000000  183.978388
 128.000000  175.038409
 129.000000  166.514005
 130.000000  158.407750
 131.000000  150.716111
 132.000000  143.430878
 133.000000  136.540358
 134.000000  130.030363
 135.000000  123.885024
 136.000000  118.087425
 137.000000  112.620121
 138.000000  107.465523
 139.000000  102.606203
 140.000000   98.025110
 141.000000   93.705734
 142.000000   89.632213
 143.000000   85.789407
 144.000000   82.162935
 145.000000   78.739199
 146.000000   75.505382
 147.000000   72.449436
 148.000000   69.560059
 149.000000   66.826672
 150.000000   64.239385
 151.000000   61.788961
 152.000000   59.466780
 153.000000   57.264805
 154.000000   55.175547
 155.000000   53.192025
 156.000000   51.307737
 157.000000   49.516626
 158.000000   47.813049
 159.000000   46.191748
 160.000000   44.647824
 161.000000   43.176710
 162.000000   41.774147
 163.000000   40.436163
 164.000000   39.159051
 165.000000   37.939351
 166.000000   36.773832
 167.000000   35.659473
 168.000000   34.593452
 169.000000   33.573128
 170.000000   32.596029
 171.000000   31.659842
 172.000000   30.762399
 173.000000   29.901668
 174.000000   29.075743
 175.000000   28.282835
 176.000000   27.521266
 177.000000   26.789457
 178.000000   26.085925
 179.000000   25.409276
 180.000000   24.758197
 181.000000   24.131452
 182.000000   23.527876
 183.000000   22.946373
 184.000000   22.385906
 185.000000   21.845500
 186.000000   21.324231
 187.000000   20.821229
 188.000000   20.335670
 189.000000   19.866776
 190.000000   19.413810
 191.000000   18.976074
 192.000000   18.552909
 193.000000   18.143688
 194.000000   17.747819
 195.000000   17.364738
 196.000000   16.993912
 197.000000   16.634834
 198.000000   16.287023
 199.000000   15.950021
 200.000000   15.623393
 201.000000   15.306726
 202.000000   14.999626
 203.000000   14.701719
 204.000000   14.412648
 205.000000   14.132072
 206.000000   13.859670
 207.000000   13.595130
 208.000000   13.338160
 209.000000   13.088477
 210.000000   12.845813
 211.000000   12.609912
 212.000000   12.380530
 213.000000   12.157432
 214.000000   11.940394
 215.000000   11.729202
 216.000000   11.523653
 217.000000   11.323549
 218.000000   11.128704
 219.000000   10.938937
 220.000000   10.754076
 221.000000   10.573957
 222.000000   10.398421
 223.000000   10.227317
 224.000000   10.060498
 225.000000    9.897826
 226.000000    9.739167
 227.000000    9.584390
 228.000000    9.433374
 229.000000    9.285998
 230.000000    9.142150
 231.000000    9.001718
 232.000000    8.864598
 233.000000    8.730688
 234.000000    8.599890
 235.000000    8.472110
 236.000000    8.347257
 237.000000    8.225245
 238.000000    8.105989
 239.000000    7.989409
 240.000000    7.875426
 241.000000    7.763965
 242.000000    7.654954
 243.000000    7.548323
 244.000000    7.444004
 245.000000    7.341932
 246.000000    7.242044
 247.000000    7.144280
 248.000000    7.048582
 249.000000    6.954892
 250.000000    6.863155
 251.000000    6.773320
 252.000000    6.685335
 253.000000    6.599151
 254.000000    6.514719
 255.000000    6.431994
 256.000000    6.350932
 257.000000    6.271488
 258.000000    6.193622
 259.000000    6.117292
 260.000000    6.042460
 261.000000    5.969088
 262.000000    5.897138
 263.000000    5.826576
 264.000000    5.757367
 265.000000    5.689477
 266.000000    5.622874
 267.000000    5.557527
 268.000000    5.493405
 269.000000    5.430478
 270.000000    5.368719
 271.000000    5.308100
 272.000000    5.248592
 273.000000    5.190171
 274.000000    5.132811
 275.000000    5.076486
 276.000000    5.021175
 277.000000    4.966852
 278.000000    4.913496
 279.000000    4.861084
 280.000000    4.809595
 281.000000    4.759010
 282.000000    4.709306
 283.000000    4.660466
 284.000000    4.612470
 285.000000    4.565299
 286.000000    4.518935
 287.000000    4.473362
 288.000000    4.428562
 289.000000    4.384518
 290.000000    4.341215
 291.000000    4.298637
 292.000000    4.256768
 293.000000    4.215594
 294.000000    4.175100
 295.000000    4.135273
 296.000000    4.096098
 297.000000    4.057562
 298.000000    4.019653
 299.000000    3.982357
 300.000000    3.945663
 301.000000    3.909558
 302.000000    3.874031
 303.000000    3.839070
 304.000000    3.804664
 305.000000    3.770802
 306.000000    3.737475
 307.000000    3.704671
 308.000000    3.672380
 309.000000    3.640593
 310.000000    3.609300
 311.000000    3.578492
 312.000000    3.548160
 313.000000    3.518294
 314.000000    3.488887
 315.000000    3.459930
 316.000000    3.431415
 317.000000    3.403333
 318.000000    3.375677
 319.000000    3.348439
 320.000000    3.321611
 321.000000    3.295187
 322.000000    3.269159
 323.000000    3.243521
 324.000000    3.218265
 325.000000    3.193385
 326.000000    3.168874
 327.000000    3.144727
 328.000000    3.120936
 329.000000    3.097496
 330.000000    3.074401
 331.000000    3.051646
 332.000000    3.029224
 333.000000    3.007130
 334.000000    2.985359
 335.000000    2.963905
 336.000000    2.942764
 337.000000    2.921931
 338.000000    2.901399
 339.000000    2.881166
 340.000000    2.861225
 341.000000    2.841573
 342.000000    2.822205
 343.000000    2.803116
 344.000000    2.784303
 345.000000    2.765760
 346.000000    2.747485
 347.000000    2.729473
 348.000000    2.711720
 349.000000    2.694223
 350.000000    2.676977
 351.000000    2.659979
 352.000000    2.643225
 353.000000    2.626713
 354.000000    2.610438
 355.000000    2.594397
 356.000000    2.578587
 357.000000    2.563005
 358.000000    2.547647
 359.000000    2.532511
 360.000000    2.517594
 361.000000    2.502892
 362.000000    2.488403
 363.000000    2.474125
 364.000000    2.460054
 365.000000    2.446187
 366.000000    2.432523
 367.000000    2.419058
 368.000000    2.405790
 369.000000    2.392717
 370.000000    2.379837
 371.000000    2.367146
 372.000000    2.354643
 373.000000    2.342326
 374.000000    2.330192
 375.000000    2.318240
 376.000000    2.306467
 377.000000    2.294871
 378.000000    2.283451
 379.000000    2.272204
 380.000000    2.261129
 381.000000    2.250224
 382.000000    2.239486
 383.000000    2.228915
 384.000000    2.218509
 385.000000    2.208266
 386.000000    2.198184
 387.000000    2.188262
 388.000000    2.178498
 389.000000    2.168892
 390.000000    2.159441
 391.000000    2.150144
 392.000000    2.141000
 393.000000    2.132008
 394.000000    2.123166
 395.000000    2.114473
 396.000000    2.105928
 397.000000    2.097529
 398.000000    2.089276
 399.000000    2.081168
 400.000000    2.073204
 401.000000    2.065382
 402.000000    2.057701
 403.000000    2.050161
 404.000000    2.042761
 405.000000    2.035500
 406.000000    2.028377
 407.000000    2.021392
 408.000000    2.014543
 409.000000    2.007830
 410.000000    2.001252
 411.000000    1.994808
 412.000000    1.988499
 413.000000    1.982323
 414.000000    1.976280
 415.000000    1.970370
 416.000000    1.964591
 417.000000    1.958944
 418.000000    1.953428
 419.000000    1.948043
 420.000000    1.942788
 421.000000    1.937664
 422.000000    1.932669
 423.000000    1.927804
 424.000000    1.923069
 425.000000    1.918463
 426.000000    1.913986
 427.000000    1.909638
 428.000000    1.905420
 429.000000    1.901331
 430.000000    1.897371
 431.000000    1.893540
 432.000000    1.889839
 433.000000    1.886268
 434.000000    1.882826
 435.000000    1.879515
 436.000000    1.876333
 437.000000    1.873283
 438.000000    1.870363
 439.000000    1.867575
 440.000000    1.864919
 441.000000    1.862396
 442.000000    1.860005
 443.000000    1.857748
 444.000000    1.855625
 445.000000    1.853637
 446.000000    1.851784
 447.000000    1.850068
 448.000000    1.848489
 449.000000    1.847049
 450.000000    1.845747
 451.000000    1.844586
 452.000000    1.843565
 453.000000    1.842687
 454.000000    1.841952
 455.000000    1.841362
 456.000000    1.840917
 457.000000    1.840620
 458.000000    1.840472
 459.000000    1.840474
 460.000000    1.840627
 461.000000    1.840934
 462.000000    1.841395
 463.000000    1.842014
 464.000000    1.842791
 465.000000    1.843729
 466.000000    1.844829
 467.000000    1.846093
 468.000000    1.847525
 469.000000    1.849125
 470.000000    1.850897
 471.000000    1.852843
 472.000000    1.854965
 473.000000    1.857267
 474.000000    1.859750
 475.000000    1.862417
 476.000000    1.865273
 477.000000    1.868319
 478.000000    1.871558
 479.000000    1.874995
 480.000000    1.878633
 481.000000    1.882475
 482.000000    1.886525
 483.000000    1.890787
 484.000000    1.895265
 485.000000    1.899963
 486.000000    1.904886
 487.000000    1.910037
 488.000000    1.915422
 489.000000    1.921046
 490.000000    1.926913
 491.000000    1.933029
 492.000000    1.939399
 493.000000    1.946029
 494.000000    1.952925
 495.000000    1.960093
 496.000000    1.967539
 497.000000    1.975270
 498.000000    1.983293
 499.000000    1.991615
 500.000000    2.000243
 501.000000    2.009185
 502.000000    2.018449
 503.000000    2.028044
 504.000000    2.037977
 505.000000    2.048259
 506.000000    2.058899
 507.000000    2.069906
 508.000000    2.081291
 509.000000    2.093064
 510.000000    2.105237
 511.000000    2.117821
 512.000000    2.130828
 513.000000    2.144271
 514.000000    2.158162
 515.000000    2.172517
 516.000000    2.187348
 517.000000    2.202671
 518.000000    2.218502
 519.000000    2.234856
 520.000000    2.251752
 521.000000    2.269206
 522.000000    2.287238
 523.000000    2.305866
 524.000000    2.325112
 525.000000    2.344997
 526.000000    2.365543
 527.000000    2.386774
 528.000000    2.408715
 529.000000    2.431390
 530.000000    2.454828
 531.000000    2.479057
 532.000000    2.504106
 533.000000    2.530008
 534.000000    2.556795
 535.000000    2.584502
 536.000000    2.613165
 537.000000    2.642822
 538.000000    2.673515
 539.000000    2.705286
 540.000000    2.738180
 541.000000    2.772244
 542.000000    2.807529
 543.000000    2.844086
 544.000000    2.881973
 545.000000    2.921247
 546.000000    2.961971
 547.000000    3.004211
 548.000000    3.048037
 549.000000    3.093523
 550.000000    3.140746
 551.000000    3.189791
 552.000000    3.240745
 553.000000    3.293701
 554.000000    3.348760
 555.000000    3.406025
 556.000000    3.465611
 557.000000    3.527636
 558.000000    3.592227
 559.000000    3.659520
 560.000000    3.729659
 561.000000    3.802797
 562.000000    3.879100
 563.000000    3.958743
 564.000000    4.041912
 565.000000    4.128808
 566.000000    4.219644
 567.000000    4.314651
 568.000000    4.414071
 569.000000    4.518169
 570.000000    4.627223
 571.000000    4.741536
 572.000000    4.861429
 573.000000    4.987248
 574.000000    5.119362
 575.000000    5.258169
 576.000000    5.404093
 577.000000    5.557589
 578.000000    5.719144
 579.000000    5.889280
 580.000000    6.068555
 581.000000    6.257564
 582.000000    6.456941
 583.000000    6.667363
 584.000000    6.889547
 585.000000    7.124253
 586.000000    7.372284
 587.000000    7.634483
 588.000000    7.911732
 589.000000    8.204947
 590.000000    8.515070
 591.000000    8.843063
 592.000000    9.189893
 593.000000    9.556515
 594.000000    9.943850
 595.000000   10.352757
 596.000000   10.783996
 597.000000   11.238181
 598.000000   11.715727
 599.000000   12.216786
 600.000000   12.741164
 601.000000   13.288235
 602.000000   13.856836
 603.000000   14.445164
 604.000000   15.050656
 605.000000   15.669883
 606.000000   16.298445
 607.000000   16.930902
 608.000000   17.560740
 609.000000   18.180393
 610.000000   18.781347
 611.000000   19.354330
 612.000000   19.889603
 613.000000   20.377353
 614.000000   20.808160
 615.000000   21.173524
 616.000000   21.466391
 617.000000   21.681637
 618.000000   21.816445
 619.000000   21.870530
 620.000000   21.846183
 621.000000   21.748134
 622.000000   21.583235
 623.000000   21.360032
 624.000000   21.088243
 625.000000   20.778240
 626.000000   20.440544
 627.000000   20.085404
 628.000000   19.722459
 629.000000   19.360507
 630.000000   19.007368
 631.000000   18.669828
 632.000000   18.353653
 633.000000   18.063652
 634.000000   17.803766
 635.000000   17.577184
 636.000000   17.386459
 637.000000   17.233619
 638.000000   17.120285
 639.000000   17.047758
 640.000000   17.017114
 641.000000   17.029269
 642.000000   17.085041
 643.000000   17.185198
 644.000000   17.330493
 645.000000   17.521682
 646.000000   17.759542
 647.000000   18.044868
 648.000000   18.378463
 649.000000   18.761114
 650.000000   19.193554
 651.000000   19.676412
 652.000000   20.210141
 653.000000   20.794936
 654.000000   21.430619
 655.000000   22.116514
 656.000000   22.851293
 657.000000   23.632800
 658.000000   24.457856
 659.000000   25.322047
 660.000000   26.219507
 661.000000   27.142713
 662.000000   28.082301
 663.000000   29.026943
 664.000000   29.963296
 665.000000   30.876086
 666.000000   31.748322
 667.000000   32.561703
 668.000000   33.297199
 669.000000   33.935826
 670.000000   34.459549
 671.000000   34.852278
 672.000000   35.100846
 673.000000   35.195873
 674.000000   35.132412
 675.000000   34.910298
 676.000000   34.534146
 677.000000   34.013000
 678.000000   33.359691
 679.000000   32.589963
 680.000000   31.721499
 681.000000   30.772921
 682.000000   29.762885
 683.000000   28.709308
 684.000000   27.628776
 685.000000   26.536147
 686.000000   25.444324
 687.000000   24.364177
 688.000000   23.304586
 689.000000   22.272566
 690.000000   21.273447
 691.000000   20.311077
 692.000000   19.388036
 693.000000   18.505849
 694.000000   17.665177
 695.000000   16.865991
 696.000000   16.107727
 697.000000   15.389412
 698.000000   14.709775
 699.000000   14.067334
 700.000000   13.460472
 701.000000   12.887490
 702.000000   12.346656
 703.000000   11.836235
 704.000000   11.354521
 705.000000   10.899847
 706.000000   10.470610
 707.000000   10.065269
 708.000000    9.682360
 709.000000    9.320492
 710.000000    8.978353
 711.000000    8.654706
 712.000000    8.348389
 713.000000    8.058315
 714.000000    7.783463
 715.000000    7.522880
 716.000000    7.275678
 717.000000    7.041025
 718.000000    6.818147
 719.000000    6.606323
 720.000000    6.404878
 721.000000    6.213185
 722.000000    6.030660
 723.000000    5.856758
 724.000000    5.690970
 725.000000    5.532823
 726.000000    5.381874
 727.000000    5.237712
 728.000000    5.099951
 729.000000    4.968231
 730.000000    4.842216
 731.000000    4.721594
 732.000000    4.606069
 733.000000    4.495367
 734.000000    4.389231
 735.000000    4.287420
 736.000000    4.189707
 737.000000    4.095883
 738.000000    4.005746
 739.000000    3.919112
 740.000000    3.835804
 741.000000    3.755658
 742.000000    3.678520
 743.000000    3.604243
 744.000000    3.532690
 745.000000    3.463732
 746.000000    3.397248
 747.000000    3.333122
 748.000000    3.271245
 749.000000    3.211516
 750.000000    3.153839
 751.000000    3.098120
 752.000000    3.044275
 753.000000    2.992221
 754.000000    2.941881
 755.000000    2.893182
 756.000000    2.846054
 757.000000    2.800432
 758.000000    2.756252
 759.000000    2.713457
 760.000000    2.671988
 761.000000    2.631794
 762.000000    2.592823
 763.000000    2.555027
 764.000000    2.518360
 765.000000    2.482778
 766.000000    2.448240
 767.000000    2.414705
 768.000000    2.382137
 769.000000    2.350500
 770.000000    2.319758
 771.000000    2.289879
 772.000000    2.260832
 773.000000    2.232586
 774.000000    2.205115
 775.000000    2.178389
 776.000000    2.152383
 777.000000    2.127073
 778.000000    2.102434
 779.000000    2.078443
 780.000000    2.055079
 781.000000    2.032321
 782.000000    2.010148
 783.000000    1.988542
 784.000000    1.967484
 785.000000    1.946956
 786.000000    1.926942
 787.000000    1.907425
 788.000000    1.888389
 789.000000    1.869820
 790.000000    1.851703
 791.000000    1.834024
 792.000000    1.816770
 793.000000    1.799928
 794.000000    1.783486
 795.000000    1.767433
 796.000000    1.751755
 797.000000    1.736444
 798.000000    1.721488
 799.000000    1.706876
 800.000000    1.692600
 801.000000    1.678650
 802.000000    1.665016
 803.000000    1.651690
 804.000000    1.638664
 805.000000    1.625929
 806.000000    1.613477
 807.000000    1.601301
 808.000000    1.589394
 809.000000    1.577748
 810.000000    1.566356
 811.000000    1.555213
 812.000000    1.544311
 813.000000    1.533645
 814.000000    1.523208
 815.000000    1.512994
 816.000000    1.502999
 817.000000    1.493217
 818.000000    1.483642
 819.000000    1.474270
 820.000000    1.465095
 821.000000    1.456113
 822.000000    1.447320
 823.000000    1.438710
 824.000000    1.430280
 825.000000    1.422026
 826.000000    1.413943
 827.000000    1.406028
 828.000000    1.398276
 829.000000    1.390684
 830.000000    1.383249
 831.000000    1.375967
 832.000000    1.368835
 833.000000    1.361849
 834.000000    1.355007
 835.000000    1.348305
 836.000000    1.341741
 837.000000    1.335311
 838.000000    1.329012
 839.000000    1.322843
 840.000000    1.316800
 841.000000    1.310881
 842.000000    1.305083
 843.000000    1.299404
 844.000000    1.293842
 845.000000    1.288394
 846.000000    1.283059
 847.000000    1.277833
 848.000000    1.272715
 849.000000    1.267704
 850.000000    1.262796
 851.000000    1.257990
 852.000000    1.253284
 853.000000    1.248676
 854.000000    1.244166
 855.000000    1.239750
 856.000000    1.235427
 857.000000    1.231196
 858.000000    1.227054
 859.000000    1.223002
 860.000000    1.219036
 861.000000    1.215156
 862.000000    1.211360
 863.000000    1.207647
 864.000000    1.204015
 865.000000    1.200463
 866.000000    1.196991
 867.000000    1.193595
 868.000000    1.190277
 869.000000    1.187033
 870.000000    1.183864
 871.000000    1.180768
 872.000000    1.177744
 873.000000    1.174790
 874.000000    1.171907
 875.000000    1.169092
 876.000000    1.166346
 877.000000    1.163666
 878.000000    1.161053
 879.000000    1.158505
 880.000000    1.156021
 881.000000    1.153601
 882.000000    1.151244
 883.000000    1.148948
 884.000000    1.146714
 885.000000    1.144539
 886.000000    1.142425
 887.000000    1.140370
 888.000000    1.138373
 889.000000    1.136433
 890.000000    1.134550
 891.000000    1.132724
 892.000000    1.130953
 893.000000    1.129238
 894.000000    1.127577
 895.000000    1.125970
 896.000000    1.124416
 897.000000    1.122916
 898.000000    1.121467
 899.000000    1.120071
 900.000000    1.118725
 901.000000    1.117431
 902.000000    1.116187
 903.000000    1.114994
 904.000000    1.113849
 905.000000    1.112754
 906.000000    1.111708
 907.000000    1.110710
 908.000000    1.109760
 909.000000    1.108858
 910.000000    1.108003
 911.000000    1.107195
 912.000000    1.106434
 913.000000    1.105719
 914.000000    1.105050
 915.000000    1.104427
 916.000000    1.103850
 917.000000    1.103317
 918.000000    1.102830
 919.000000    1.102387
 920.000000    1.101989
 921.000000    1.101635
 922.000000    1.101326
 923.000000    1.101060
 924.000000    1.100838
 925.000000    1.100659
 926.000000    1.100524
 927.000000    1.100432
 928.000000    1.100383
 929.000000    1.100377
 930.000000    1.100414
 931.000000    1.100493
 932.000000    1.100616
 933.000000    1.100780
 934.000000    1.100988
 935.000000    1.101237
 936.000000    1.101529
 937.000000    1.101863
 938.000000    1.102239
 939.000000    1.102658
 940.000000    1.103119
 941.000000    1.103621
 942.000000    1.104166
 943.000000    1.104753
 944.000000    1.105383
 945.000000    1.106054
 946.000000    1.106768
 947.000000    1.107524
 948.000000    1.108322
 949.000000    1.109163
 950.000000    1.110046
 951.000000    1.110972
 952.000000    1.111940
 953.000000    1.112951
 954.000000    1.114006
 955.000000    1.115103
 956.000000    1.116243
 957.000000    1.117427
 958.000000    1.118654
 959.000000    1.119925
 960.000000    1.121239
 961.000000    1.122598
 962.000000    1.124001
 963.000000    1.125448
 964.000000    1.126940
 965.000000    1.128477
 966.000000    1.130059
 967.000000    1.131687
 968.000000    1.133360
 969.000000    1.135079
 970.000000    1.136845
 971.000000    1.138657
 972.000000    1.140517
 973.000000    1.142423
 974.000000    1.144378
 975.000000    1.146380
 976.000000    1.148431
 977.000000    1.150530
 978.000000    1.152679
 979.000000    1.154878
 980.000000    1.157126
 981.000000    1.159426
 982.000000    1.161776
 983.000000    1.164178
 984.000000    1.166632
 985.000000    1.169139
 986.000000    1.171698
 987.000000    1.174312
 988.000000    1.176980
 989.000000    1.179703
 990.000000    1.182481
 991.000000    1.185316
 992.000000    1.188207
 993.000000    1.191156
 994.000000    1.194164
 995.000000    1.197230
 996.000000    1.200356
 997.000000    1.203543
 998.000000    1.206791
 999.000000    1.210101
1000.000000    1.213475
1001.000000    1.216912
1002.000000    1.220414
1003.000000    1.223982
1004.000000    1.227617
1005.000000    1.231319
1006.000000    1.235091
1007.000000    1.238932
1008.000000    1.242845
1009.000000    1.246829
1010.000000    1.250887
1011.000000    1.255020
1012.000000    1.259228
1013.000000    1.263514
1014.000000    1.267877
1015.000000    1.272321
1016.000000    1.276846
1017.000000    1.281454
1018.000000    1.286146
1019.000000    1.290924
1020.000000    1.295789
1021.000000    1.300744
1022.000000    1.305789
1023.000000    1.310928
1024.000000    1.316160
1025.000000    1.321489
1026.000000    1.326917
1027.000000    1.332445
1028.000000    1.338076
1029.000000    1.343811
1030.000000    1.349654
1031.000000    1.355605
1032.000000    1.361669
1033.000000    1.367848
1034.000000    1.374143
1035.000000    1.380558
1036.000000    1.387095
1037.000000    1.393758
1038.000000    1.400550
1039.000000    1.407473
1040.000000    1.414530
1041.000000    1.421726
1042.000000    1.429064
1043.000000    1.436547
1044.000000    1.444179
1045.000000    1.451964
1046.000000    1.459906
1047.000000    1.468010
1048.000000    1.476279
1049.000000    1.484718
1050.000000    1.493332
1051.000000    1.502127
1052.000000    1.511106
1053.000000    1.520276
1054.000000    1.529642
1055.000000    1.539210
1056.000000    1.548986
1057.000000    1.558976
1058.000000    1.569187
1059.000000    1.579626
1060.000000    1.590300
1061.000000    1.601216
1062.000000    1.612383
1063.000000    1.623808
1064.000000    1.635501
1065.000000    1.647469
1066.000000    1.659724
1067.000000    1.672273
1068.000000    1.685129
1069.000000    1.698301
1070.000000    1.711801
1071.000000    1.725640
1072.000000    1.739832
1073.000000    1.754389
1074.000000    1.769325
1075.000000    1.784654
1076.000000    1.800392
1077.000000    1.816555
1078.000000    1.833159
1079.000000    1.850222
1080.000000    1.867763
1081.000000    1.885801
1082.000000    1.904357
1083.000000    1.923452
1084.000000    1.943111
1085.000000    1.963357
1086.000000    1.984215
1087.000000    2.005714
1088.000000    2.027882
1089.000000    2.050749
1090.000000    2.074347
1091.000000    2.098711
1092.000000    2.123876
1093.000000    2.149882
1094.000000    2.176769
1095.000000    2.204581
1096.000000    2.233362
1097.000000    2.263163
1098.000000    2.294035
1099.000000    2.326034
1100.000000    2.359218
1101.000000    2.393651
1102.000000    2.429399
1103.000000    2.466535
1104.000000    2.505134
1105.000000    2.545279
1106.000000    2.587056
1107.000000    2.630558
1108.000000    2.675886
1109.000000    2.723147
1110.000000    2.772453
1111.000000    2.823929
1112.000000    2.877705
1113.000000    2.933922
1114.000000    2.992730
1115.000000    3.054292
1116.000000    3.118781
1117.000000    3.186382
1118.000000    3.257296
1119.000000    3.331736
1120.000000    3.409931
1121.000000    3.492127
1122.000000    3.578587
1123.000000    3.669590
1124.000000    3.765438
1125.000000    3.866451
1126.000000    3.972968
1127.000000    4.085350
1128.000000    4.203981
1129.000000    4.329262
1130.000000    4.461617
1131.000000    4.601485
1132.000000    4.749323
1133.000000    4.905600
1134.000000    5.070789
1135.000000    5.245365
1136.000000    5.429790
1137.000000    5.624506
1138.000000    5.829914
1139.000000    6.046361
1140.000000    6.274105
1141.000000    6.513299
1142.000000    6.763945
1143.000000    7.025857
1144.000000    7.298617
1145.000000    7.581521
1146.000000    7.873525
1147.000000    8.173193
1148.000000    8.478641
1149.000000    8.787500
1150.000000    9.096889
1151.000000    9.403412
1152.000000    9.703190
1153.000000    9.991933
1154.000000   10.265062
1155.000000   10.517868
1156.000000   10.745730
1157.000000   10.944353
1158.000000   11.110019
1159.000000   11.239835
1160.000000   11.331928
1161.000000   11.385588
1162.000000   11.401316
1163.000000   11.380790
1164.000000   11.326732
1165.000000   11.242715
1166.000000   11.132911
1167.000000   11.001821
1168.000000   10.854011
1169.000000   10.693871
1170.000000   10.525418
1171.000000   10.352142
1172.000000   10.176916
1173.000000   10.001941
1174.000000    9.828741
1175.000000    9.658200
1176.000000    9.490623
1177.000000    9.325830
1178.000000    9.163262
1179.000000    9.002107
1180.000000    8.841425
1181.000000    8.680277
1182.000000    8.517831
1183.000000    8.353461
1184.000000    8.186808
1185.000000    8.017812
1186.000000    7.846717
1187.000000    7.674042
1188.000000    7.500529
1189.000000    7.327086
1190.000000    7.154713
1191.000000    6.984436
1192.000000    6.817252
1193.000000    6.654081
1194.000000    6.495733
1195.000000    6.342891
1196.000000    6.196099
1197.000000    6.055767
1198.000000    5.922179
1199.000000    5.795501
1200.000000    5.675801
1201.000000    5.563062
1202.000000    5.457198
1203.000000    5.358069
1204.000000    5.265493
1205.000000    5.179257
1206.000000    5.099128
1207.000000    5.024860
1208.000000    4.956202
1209.000000    4.892899
1210.000000    4.834701
1211.000000    4.781364
1212.000000    4.732648
1213.000000    4.688329
1214.000000    4.648187
1215.000000    4.612019
1216.000000    4.579628
1217.000000    4.550834
1218.000000    4.525464
1219.000000    4.503358
1220.000000    4.484368
1221.000000    4.468355
1222.000000    4.455190
1223.000000    4.444754
1224.000000    4.436937
1225.000000    4.431637
1226.000000    4.428761
1227.000000    4.428222
1228.000000    4.429942
1229.000000    4.433849
1230.000000    4.439877
1231.000000    4.447966
1232.000000    4.458062
1233.000000    4.470116
1234.000000    4.484085
1235.000000    4.499929
1236.000000    4.517613
1237.000000    4.537108
1238.000000    4.558386
1239.000000    4.581426
1240.000000    4.606208
1241.000000    4.632717
1242.000000    4.660941
1243.000000    4.690872
1244.000000    4.722503
1245.000000    4.755832
1246.000000    4.790859
1247.000000    4.827587
1248.000000    4.866023
1249.000000    4.906174
1250.000000    4.948052
1251.000000    4.991671
1252.000000    5.037047
1253.000000    5.084200
1254.000000    5.133152
1255.000000    5.183926
1256.000000    5.236550
1257.000000    5.291053
1258.000000    5.347467
1259.000000    5.405828
1260.000000    5.466173
1261.000000    5.528541
1262.000000    5.592978
1263.000000    5.659528
1264.000000    5.728241
1265.000000    5.799168
1266.000000    5.872366
1267.000000    5.947893
1268.000000    6.025810
1269.000000    6.106183
1270.000000    6.189082
1271.000000    6.274578
1272.000000    6.362749
1273.000000    6.453675
1274.000000    6.547441
1275.000000    6.644137
1276.000000    6.743858
1277.000000    6.846701
1278.000000    6.952772
1279.000000    7.062178
1280.000000    7.175037
1281.000000    7.291469
1282.000000    7.411600
1283.000000    7.535565
1284.000000    7.663505
1285.000000    7.795567
1286.000000    7.931907
1287.000000    8.072690
1288.000000    8.218086
1289.000000    8.368279
1290.000000    8.523459
1291.000000    8.683827
1292.000000    8.849596
1293.000000    9.020988
1294.000000    9.198240
1295.000000    9.381600
1296.000000    9.571331
1297.000000    9.767708
1298.000000    9.971025
1299.000000   10.181589
1300.000000   10.399728
1301.000000   10.625786
1302.000000   10.860128
1303.000000   11.103140
1304.000000   11.355231
1305.000000   11.616833
1306.000000   11.888406
1307.000000   12.170436
1308.000000   12.463440
1309.000000   12.767964
1310.000000   13.084591
1311.000000   13.413939
1312.000000   13.756665
1313.000000   14.113468
1314.000000   14.485091
1315.000000   14.872326
1316.000000   15.276018
1317.000000   15.697066
1318.000000   16.136428
1319.000000   16.595128
1320.000000   17.074260
1321.000000   17.574991
1322.000000   18.098568
1323.000000   18.646326
1324.000000   19.219693
1325.000000   19.820197
1326.000000   20.449475
1327.000000   21.109279
1328.000000   21.801491
1329.000000   22.528124
1330.000000   23.291341
1331.000000   24.093460
1332.000000   24.936972
1333.000000   25.824547
1334.000000   26.759053
1335.000000   27.743569
1336.000000   28.781400
1337.000000   29.876091
1338.000000   31.031449
1339.000000   32.251551
1340.000000   33.540769
1341.000000   34.903781
1342.000000   36.345591
1343.000000   37.871538
1344.000000   39.487313
1345.000000   41.198965
1346.000000   43.012905
1347.000000   44.935903
1348.000000   46.975079
1349.000000   49.137875
1350.000000   51.432021
1351.000000   53.865476
1352.000000   56.446344
1353.000000   59.182763
1354.000000   62.082752
1355.000000   65.154016
1356.000000   68.403689
1357.000000   71.838012
1358.000000   75.461936
1359.000000   79.278636
1360.000000   83.288919
1361.000000   87.490532
1362.000000   91.877367
1363.000000   96.438560
1364.000000  101.157510
1365.000000  106.010859
1366.000000  110.967487
1367.000000  115.987601
1368.000000  121.022045
1369.000000  126.011955
1370.000000  130.888919
1371.000000  135.575816
1372.000000  139.988442
1373.000000  144.038043
1374.000000  147.634717
1375.000000  150.691574
1376.000000  153.129395
1377.000000  154.881375
1378.000000  155.897494
1379.000000  156.147984
1380.000000  155.625481
1381.000000  154.345567
1382.000000  152.345629
1383.000000  149.682190
1384.000000  146.427060
1385.000000  142.662772
1386.000000  138.477819
1387.000000  133.962135
1388.000000  129.203183
1389.000000  124.282862
1390.000000  119.275301
1391.000000  114.245531
1392.000000  109.248910
1393.000000  104.331163
1394.000000   99.528865
1395.000000   94.870232
1396.000000   90.376068
1397.000000   86.060795
1398.000000   81.933454
1399.000000   77.998669
1400.000000   74.257503
1401.000000   70.708223
1402.000000   67.346955
1403.000000   64.168232
1404.000000   61.165449
1405.000000   58.331235
1406.000000   55.657747
1407.000000   53.136903
1408.000000   50.760564
1409.000000   48.520666
1410.000000   46.409327
1411.000000   44.418915
1412.000000   42.542102
1413.000000   40.771892
1414.000000   39.101646
1415.000000   37.525083
1416.000000   36.036285
1417.000000   34.629690
1418.000000   33.300082
1419.000000   32.042578
1420.000000   30.852613
1421.000000   29.725923
1422.000000   28.658532
1423.000000   27.646731
1424.000000   26.687064
1425.000000   25.776311
1426.000000   24.911471
1427.000000   24.089752
1428.000000   23.308549
1429.000000   22.565437
1430.000000   21.858158
1431.000000   21.184604
1432.000000   20.542813
1433.000000   19.930952
1434.000000   19.347314
1435.000000   18.790302
1436.000000   18.258428
1437.000000   17.750300
1438.000000   17.264617
1439.000000   16.800164
1440.000000   16.355802
1441.000000   15.930466
1442.000000   15.523158
1443.000000   15.132944
1444.000000   14.758946
1445.000000   14.400344
1446.000000   14.056364
1447.000000   13.726283
1448.000000   13.409420
1449.000000   13.105134
1450.000000   12.812825
1451.000000   12.531925
1452.000000   12.261902
1453.000000   12.002255
1454.000000   11.752510
1455.000000   11.512221
1456.000000   11.280969
1457.000000   11.058356
1458.000000   10.844010
1459.000000   10.637576
1460.000000   10.438721
1461.000000   10.247130
1462.000000   10.062506
1463.000000    9.884566
1464.000000    9.713046
1465.000000    9.547693
1466.000000    9.388270
1467.000000    9.234551
1468.000000    9.086325
1469.000000    8.943390
1470.000000    8.805555
1471.000000    8.672642
1472.000000    8.544479
1473.000000    8.420905
1474.000000    8.301770
1475.000000    8.186929
1476.000000    8.076248
1477.000000    7.969597
1478.000000    7.866858
1479.000000    7.767916
1480.000000    7.672665
1481.000000    7.581005
1482.000000    7.492842
1483.000000    7.408088
1484.000000    7.326663
1485.000000    7.248488
1486.000000    7.173495
1487.000000    7.101618
1488.000000    7.032796
1489.000000    6.966976
1490.000000    6.904107
1491.000000    6.844145
1492.000000    6.787052
1493.000000    6.732792
1494.000000    6.681336
1495.000000    6.632660
1496.000000    6.586745
1497.000000    6.543576
1498.000000    6.503145
1499.000000    6.465448
1500.000000    6.430488
1501.000000    6.398270
1502.000000    6.368809
1503.000000    6.342124
1504.000000    6.318241
1505.000000    6.297190
1506.000000    6.279011
1507.000000    6.263750
1508.000000    6.251459
1509.000000    6.242199
1510.000000    6.236040
1511.000000    6.233060
1512.000000    6.233345
1513.000000    6.236993
1514.000000    6.244111
1515.000000    6.254818
1516.000000    6.269244
1517.000000    6.287533
1518.000000    6.309841
1519.000000    6.336340
1520.000000    6.367215
1521.000000    6.402669
1522.000000    6.442923
1523.000000    6.488215
1524.000000    6.538802
1525.000000    6.594965
1526.000000    6.657002
1527.000000    6.725236
1528.000000    6.800015
1529.000000    6.881708
1530.000000    6.970711
1531.000000    7.067444
1532.000000    7.172350
1533.000000    7.285897
1534.000000    7.408574
1535.000000    7.540886
1536.000000    7.683355
1537.000000    7.836509
1538.000000    8.000873
1539.000000    8.176962
1540.000000    8.365263
1541.000000    8.566218
1542.000000    8.780199
1543.000000    9.007480
1544.000000    9.248203
1545.000000    9.502333
1546.000000    9.769612
1547.000000   10.049501
1548.000000   10.341121
1549.000000   10.643181
1550.000000   10.953914
1551.000000   11.271011
1552.000000   11.591564
1553.000000   11.912031
1554.000000   12.228223
1555.000000   12.535332
1556.000000   12.828010
1557.000000   13.100498
1558.000000   13.346820
1559.000000   13.561034
1560.000000   13.737523
1561.000000   13.871308
1562.000000   13.958365
1563.000000   13.995888
1564.000000   13.982491
1565.000000   13.918306
1566.000000   13.804976
1567.000000   13.645533
1568.000000   13.444186
1569.000000   13.206040
1570.000000   12.936786
1571.000000   12.642381
1572.000000   12.328769
1573.000000   12.001638
1574.000000   11.666235
1575.000000   11.327252
1576.000000   10.988751
1577.000000   10.654149
1578.000000   10.326231
1579.000000   10.007193
1580.000000    9.698701
1581.000000    9.401956
1582.000000    9.117759
1583.000000    8.846583
1584.000000    8.588630
1585.000000    8.343888
1586.000000    8.112176
1587.000000    7.893189
1588.000000    7.686526
1589.000000    7.491723
1590.000000    7.308275
1591.000000    7.135650
1592.000000    6.973307
1593.000000    6.820706
1594.000000    6.677313
1595.000000    6.542611
1596.000000    6.416099
1597.000000    6.297299
1598.000000    6.185756
1599.000000    6.081036
1600.000000    5.982734
1601.000000    5.890466
1602.000000    5.803872
1603.000000    5.722615
1604.000000    5.646380
1605.000000    5.574874
1606.000000    5.507821
1607.000000    5.444967
1608.000000    5.386073
1609.000000    5.330918
1610.000000    5.279296
1611.000000    5.231015
1612.000000    5.185897
1613.000000    5.143776
1614.000000    5.104499
1615.000000    5.067921
1616.000000    5.033911
1617.000000    5.002344
1618.000000    4.973105
1619.000000    4.946088
1620.000000    4.921192
1621.000000    4.898327
1622.000000    4.877405
1623.000000    4.858347
1624.000000    4.841078
1625.000000    4.825531
1626.000000    4.811641
1627.000000    4.799348
1628.000000    4.788598
1629.000000    4.779338
1630.000000    4.771523
1631.000000    4.765108
1632.000000    4.760053
1633.000000    4.756319
1634.000000    4.753873
1635.000000    4.752683
1636.000000    4.752719
1637.000000    4.753955
1638.000000    4.756365
1639.000000    4.759929
1640.000000    4.764625
1641.000000    4.770435
1642.000000    4.777344
1643.000000    4.785335
1644.000000    4.794397
1645.000000    4.804519
1646.000000    4.815690
1647.000000    4.827903
1648.000000    4.841151
1649.000000    4.855429
1650.000000    4.870733
1651.000000    4.887061
1652.000000    4.904412
1653.000000    4.922785
1654.000000    4.942183
1655.000000    4.962607
1656.000000    4.984063
1657.000000    5.006554
1658.000000    5.030089
1659.000000    5.054673
1660.000000    5.080317
1661.000000    5.107030
1662.000000    5.134823
1663.000000    5.163709
1664.000000    5.193701
1665.000000    5.224815
1666.000000    5.257067
1667.000000    5.290474
1668.000000    5.325056
1669.000000    5.360832
1670.000000    5.397824
1671.000000    5.436055
1672.000000    5.475549
1673.000000    5.516333
1674.000000    5.558434
1675.000000    5.601882
1676.000000    5.646705
1677.000000    5.692939
1678.000000    5.740615
1679.000000    5.789772
1680.000000    5.840446
1681.000000    5.892677
1682.000000    5.946508
1683.000000    6.001983
1684.000000    6.059148
1685.000000    6.118052
1686.000000    6.178747
1687.000000    6.241287
1688.000000    6.305728
1689.000000    6.372129
1690.000000    6.440555
1691.000000    6.511069
1692.000000    6.583741
1693.000000    6.658645
1694.000000    6.735855
1695.000000    6.815453
1696.000000    6.897523
1697.000000    6.982153
1698.000000    7.069437
1699.000000    7.159472
1700.000000    7.252363
1701.000000    7.348217
1702.000000    7.447149
1703.000000    7.549280
1704.000000    7.654737
1705.000000    7.763654
1706.000000    7.876172
1707.000000    7.992440
1708.000000    8.112615
1709.000000    8.236864
1710.000000    8.365361
1711.000000    8.498293
1712.000000    8.635855
1713.000000    8.778254
1714.000000    8.925709
1715.000000    9.078454
1716.000000    9.236734
1717.000000    9.400809
1718.000000    9.570957
1719.000000    9.747469
1720.000000    9.930659
1721.000000   10.120856
1722.000000   10.318411
1723.000000   10.523699
1724.000000   10.737116
1725.000000   10.959086
1726.000000   11.190058
1727.000000   11.430512
1728.000000   11.680961
1729.000000   11.941950
1730.000000   12.214060
1731.000000   12.497915
1732.000000   12.794178
1733.000000   13.103560
1734.000000   13.426821
1735.000000   13.764772
1736.000000   14.118286
1737.000000   14.488293
1738.000000   14.875793
1739.000000   15.281856
1740.000000   15.707630
1741.000000   16.154347
1742.000000   16.623328
1743.000000   17.115992
1744.000000   17.633860
1745.000000   18.178566
1746.000000   18.751863
1747.000000   19.355634
1748.000000   19.991896
1749.000000   20.662815
1750.000000   21.370710
1751.000000   22.118066
1752.000000   22.907538
1753.000000   23.741965
1754.000000   24.624371
1755.000000   25.557976
1756.000000   26.546192
1757.000000   27.592631
1758.000000   28.701094
1759.000000   29.875563
1760.000000   31.120185
1761.000000   32.439241
1762.000000   33.837107
1763.000000   35.318203
1764.000000   36.886911
1765.000000   38.547482
1766.000000   40.303908
1767.000000   42.159759
1768.000000   44.117982
1769.000000   46.180654
1770.000000   48.348681
1771.000000   50.621442
1772.000000   52.996377
1773.000000   55.468511
1774.000000   58.029944
1775.000000   60.669297
1776.000000   63.371160
1777.000000   66.115579
1778.000000   68.877630
1779.000000   71.627167
1780.000000   74.328805
1781.000000   76.942244
1782.000000   79.423004
1783.000000   81.723634
1784.000000   83.795398
1785.000000   85.590416
1786.000000   87.064109
1787.000000   88.177792
1788.000000   88.901128
1789.000000   89.214208
1790.000000   89.108967
1791.000000   88.589782
1792.000000   87.673145
1793.000000   86.386478
1794.000000   84.766231
1795.000000   82.855508
1796.000000   80.701491
1797.000000   78.352922
1798.000000   75.857861
1799.000000   73.261850
1800.000000   70.606567
1801.000000   67.928944
1802.000000   65.260736
1803.000000   62.628441
1804.000000   60.053489
1805.000000   57.552627
1806.000000   55.138410
1807.000000   52.819750
1808.000000   50.602467
1809.000000   48.489819
1810.000000   46.482990
1811.000000   44.581516
1812.000000   42.783666
1813.000000   41.086751
1814.000000   39.487391
1815.000000   37.981731
1816.000000   36.565611
1817.000000   35.234703
1818.000000   33.984621
1819.000000   32.810997
1820.000000   31.709546
1821.000000   30.676109
1822.000000   29.706683
1823.000000   28.797442
1824.000000   27.944750
1825.000000   27.145165
1826.000000   26.395446
1827.000000   25.692543
1828.000000   25.033598
1829.000000   24.415936
1830.000000   23.837059
1831.000000   23.294637
1832.000000   22.786496
1833.000000   22.310615
1834.000000   21.865111
1835.000000   21.448234
1836.000000   21.058358
1837.000000   20.693971
1838.000000   20.353667
1839.000000   20.036144
1840.000000   19.740189
1841.000000   19.464677
1842.000000   19.208565
1843.000000   18.970882
1844.000000   18.750729
1845.000000   18.547270
1846.000000   18.359730
1847.000000   18.187390
1848.000000   18.029584
1849.000000   17.885692
1850.000000   17.755142
1851.000000   17.637403
1852.000000   17.531984
1853.000000   17.438429
1854.000000   17.356320
1855.000000   17.285268
1856.000000   17.224915
1857.000000   17.174934
1858.000000   17.135021
1859.000000   17.104901
1860.000000   17.084319
1861.000000   17.073046
1862.000000   17.070871
1863.000000   17.077606
1864.000000   17.093081
1865.000000   17.117145
1866.000000   17.149662
1867.000000   17.190517
1868.000000   17.239607
1869.000000   17.296847
1870.000000   17.362166
1871.000000   17.435507
1872.000000   17.516828
1873.000000   17.606100
1874.000000   17.703308
1875.000000   17.808449
1876.000000   17.921532
1877.000000   18.042582
1878.000000   18.171634
1879.000000   18.308735
1880.000000   18.453945
1881.000000   18.607337
1882.000000   18.768996
1883.000000   18.939019
1884.000000   19.117514
1885.000000   19.304605
1886.000000   19.500427
1887.000000   19.705127
1888.000000   19.918867
1889.000000   20.141821
1890.000000   20.374179
1891.000000   20.616143
1892.000000   20.867930
1893.000000   21.129774
1894.000000   21.401923
1895.000000   21.684641
1896.000000   21.978211
1897.000000   22.282930
1898.000000   22.599116
1899.000000   22.927104
1900.000000   23.267252
1901.000000   23.619934
1902.000000   23.985550
1903.000000   24.364520
1904.000000   24.757289
1905.000000   25.164327
1906.000000   25.586130
1907.000000   26.023222
1908.000000   26.476155
1909.000000   26.945515
1910.000000   27.431917
1911.000000   27.936013
1912.000000   28.458490
1913.000000   29.000074
1914.000000   29.561532
1915.000000   30.143674
1916.000000   30.747356
1917.000000   31.373482
1918.000000   32.023010
1919.000000   32.696951
1920.000000   33.396376
1921.000000   34.122416
1922.000000   34.876272
1923.000000   35.659213
1924.000000   36.472585
1925.000000   37.317814
1926.000000   38.196414
1927.000000   39.109988
1928.000000   40.060240
1929.000000   41.048978
1930.000000   42.078124
1931.000000   43.149721
1932.000000   44.265939
1933.000000   45.429091
1934.000000   46.641636
1935.000000   47.906194
1936.000000   49.225558
1937.000000   50.602704
1938.000000   52.040809
1939.000000   53.543261
1940.000000   55.113681
1941.000000   56.755935
1942.000000   58.474158
1943.000000   60.272771
1944.000000   62.156506
1945.000000   64.130426
1946.000000   66.199957
1947.000000   68.370911
1948.000000   70.649518
1949.000000   73.042460
1950.000000   75.556903
1951.000000   78.200538
1952.000000   80.981616
1953.000000   83.908999
1954.000000   86.992195
1955.000000   90.241414
1956.000000   93.667617
1957.000000   97.282565
1958.000000  101.098876
1959.000000  105.130081
1960.000000  109.390677
1961.000000  113.896184
1962.000000  118.663196
1963.000000  123.709430
1964.000000  129.053762
1965.000000  134.716259
1966.000000  140.718191
1967.000000  147.082023
1968.000000  153.831374
1969.000000  160.990942
1970.000000  168.586380
1971.000000  176.644099
1972.000000  185.191001
1973.000000  194.254104
1974.000000  203.860037
1975.000000  214.034389
1976.000000  224.800865
1977.000000  236.180222
1978.000000  248.188949
1979.000000  260.837643
1980.000000  274.129073
1981.000000  288.055874
1982.000000  302.597904
1983.000000  317.719262
1984.000000  333.365037
1985.000000  349.457917
1986.000000  365.894848
1987.000000  382.544014
1988.000000  399.242528
1989.000000  415.795269
1990.000000  431.975415
1991.000000  447.527171
1992.000000  462.171175
1993.000000  475.612845
1994.000000  487.553665
1995.000000  497.704978
1996.000000  505.803427
1997.000000  511.626726
1998.000000  515.008172
1999.000000  515.848215
2000.000000  514.121640
2001.000000  509.879427
2002.000000  503.245012
2003.000000  494.405477
2004.000000  483.598798
2005.000000  471.098717
2006.000000  457.198914
2007.000000  442.197998
2008.000000  426.386496
2009.000000  410.036535
2010.000000  393.394519
2011.000000  376.676670
2012.000000  360.067105
2013.000000  343.717943
2014.000000  327.750910
2015.000000  312.259941
2016.000000  297.314341
2017.000000  282.962175
2018.000000  269.233630
2019.000000  256.144177
2020.000000  243.697451
2021.000000  231.887778
2022.000000  220.702350
2023.000000  210.123056
2024.000000  200.127997
2025.000000  190.692717
2026.000000  181.791182
2027.000000  173.396561
2028.000000  165.481822
2029.000000  158.020189
2030.000000  150.985476
2031.000000  144.352333
2032.000000  138.096412
2033.000000  132.194475
2034.000000  126.624455
2035.000000  121.365485
2036.000000  116.397902
2037.000000  111.703219
2038.000000  107.264103
2039.000000  103.064323
2040.000000   99.088708
2041.000000   95.323088
2042.000000   91.754243
2043.000000   88.369846
2044.000000   85.158407
2045.000000   82.109221
2046.000000   79.212313
2047.000000   76.458394
2048.000000   73.838807
2049.000000   71.345488
2050.000000   68.970921
2051.000000   66.708101
2052.000000   64.550496
2053.000000   62.492012
2054.000000   60.526964
2055.000000   58.650043
2056.000000   56.856292
2057.000000   55.141077
2058.000000   53.500069
2059.000000   51.929216
2060.000000   50.424726
2061.000000   48.983049
2062.000000   47.600860
2063.000000   46.275040
2064.000000   45.002666
2065.000000   43.780993
2066.000000   42.607444
2067.000000   41.479599
2068.000000   40.395181
2069.000000   39.352050
2070.000000   38.348191
2071.000000   37.381709
2072.000000   36.450816
2073.000000   35.553827
2074.000000   34.689154
2075.000000   33.855297
2076.000000   33.050842
2077.000000   32.274450
2078.000000   31.524859
2079.000000   30.800872
2080.000000   30.101359
2081.000000   29.425250
2082.000000   28.771531
2083.000000   28.139240
2084.000000   27.527468
2085.000000   26.935351
2086.000000   26.362068
2087.000000   25.806842
2088.000000   25.268934
2089.000000   24.747641
2090.000000   24.242295
2091.000000   23.752262
2092.000000   23.276937
2093.000000   22.815745
2094.000000   22.368138
2095.000000   21.933594
2096.000000   21.511615
2097.000000   21.101728
2098.000000   20.703480
2099.000000   20.316438
2100.000000   19.940192
2101.000000   19.574346
2102.000000   19.218525
2103.000000   18.872370
2104.000000   18.535536
2105.000000   18.207696
2106.000000   17.888533
2107.000000   17.577748
2108.000000   17.275052
2109.000000   16.980169
2110.000000   16.692834
2111.000000   16.412795
2112.000000   16.139806
2113.000000   15.873637
2114.000000   15.614062
2115.000000   15.360867
2116.000000   15.113846
2117.000000   14.872802
2118.000000   14.637543
2119.000000   14.407888
2120.000000   14.183660
2121.000000   13.964692
2122.000000   13.750820
2123.000000   13.541888
2124.000000   13.337747
2125.000000   13.138250
2126.000000   12.943261
2127.000000   12.752643
2128.000000   12.566267
2129.000000   12.384010
2130.000000   12.205752
2131.000000   12.031376
2132.000000   11.860770
2133.000000   11.693829
2134.000000   11.530447
2135.000000   11.370524
2136.000000   11.213964
2137.000000   11.060673
2138.000000   10.910561
2139.000000   10.763541
2140.000000   10.619529
2141.000000   10.478444
2142.000000   10.340207
2143.000000   10.204741
2144.000000   10.071974
2145.000000    9.941834
2146.000000    9.814253
2147.000000    9.689164
2148.000000    9.566502
2149.000000    9.446206
2150.000000    9.328215
2151.000000    9.212470
2152.000000    9.098915
2153.000000    8.987495
2154.000000    8.878156
2155.000000    8.770848
2156.000000    8.665521
2157.000000    8.562125
2158.000000    8.460615
2159.000000    8.360944
2160.000000    8.263068
2161.000000    8.166944
2162.000000    8.072532
2163.000000    7.979790
2164.000000    7.888679
2165.000000    7.799161
2166.000000    7.711200
2167.000000    7.624759
2168.000000    7.539803
2169.000000    7.456300
2170.000000    7.374215
2171.000000    7.293516
2172.000000    7.214174
2173.000000    7.136157
2174.000000    7.059436
2175.000000    6.983982
2176.000000    6.909768
2177.000000    6.836767
2178.000000    6.764952
2179.000000    6.694298
2180.000000    6.624779
2181.000000    6.556373
2182.000000    6.489054
2183.000000    6.422800
2184.000000    6.357589
2185.000000    6.293398
2186.000000    6.230207
2187.000000    6.167995
2188.000000    6.106742
2189.000000    6.046428
2190.000000    5.987033
2191.000000    5.928540
2192.000000    5.870931
2193.000000    5.814186
2194.000000    5.758290
2195.000000    5.703225
2196.000000    5.648975
2197.000000    5.595523
2198.000000    5.542855
2199.000000    5.490955
2200.000000    5.439807
2201.000000    5.389399
2202.000000    5.339714
2203.000000    5.290740
2204.000000    5.242463
2205.000000    5.194870
2206.000000    5.147947
2207.000000    5.101683
2208.000000    5.056065
2209.000000    5.011081
2210.000000    4.966719
2211.000000    4.922968
2212.000000    4.879817
2213.000000    4.837254
2214.000000    4.795270
2215.000000    4.753853
2216.000000    4.712993
2217.000000    4.672681
2218.000000    4.632906
2219.000000    4.593660
2220.000000    4.554932
2221.000000    4.516714
2222.000000    4.478996
2223.000000    4.441771
2224.000000    4.405029
2225.000000    4.368762
2226.000000    4.332962
2227.000000    4.297621
2228.000000    4.262731
2229.000000    4.228285
2230.000000    4.194274
2231.000000    4.160692
2232.000000    4.127531
2233.000000    4.094785
2234.000000    4.062446
2235.000000    4.030508
2236.000000    3.998964
2237.000000    3.967808
2238.000000    3.937033
2239.000000    3.906633
2240.000000    3.876602
2241.000000    3.846934
2242.000000    3.817623
2243.000000    3.788664
2244.000000    3.760051
2245.000000    3.731778
2246.000000    3.703840
2247.000000    3.676231
2248.000000    3.648948
2249.000000    3.621983
2250.000000    3.595334
2251.000000    3.568993
2252.000000    3.542958
2253.000000    3.517223
2254.000000    3.491783
2255.000000    3.466634
2256.000000    3.441772
2257.000000    3.417192
2258.000000    3.392891
2259.000000    3.368863
2260.000000    3.345104
2261.000000    3.321611
2262.000000    3.298380
2263.000000    3.275407
2264.000000    3.252688
2265.000000    3.230219
2266.000000    3.207997
2267.000000    3.186018
2268.000000    3.164279
2269.000000    3.142775
2270.000000    3.121504
2271.000000    3.100463
2272.000000    3.079647
2273.000000    3.059054
2274.000000    3.038681
2275.000000    3.018524
2276.000000    2.998581
2277.000000    2.978848
2278.000000    2.959323
2279.000000    2.940002
2280.000000    2.920883
2281.000000    2.901963
2282.000000    2.883239
2283.000000    2.864709
2284.000000    2.846370
2285.000000    2.828219
2286.000000    2.810253
2287.000000    2.792471
2288.000000    2.774869
2289.000000    2.757446
2290.000000    2.740198
2291.000000    2.723124
2292.000000    2.706222
2293.000000    2.689488
2294.000000    2.672920
2295.000000    2.656518
2296.000000    2.640277
2297.000000    2.624197
2298.000000    2.608275
2299.000000    2.592509
2300.000000    2.576897
2301.000000    2.561437
2302.000000    2.546127
2303.000000    2.530965
2304.000000    2.515949
2305.000000    2.501078
2306.000000    2.486349
2307.000000    2.471761
2308.000000    2.457312
2309.000000    2.443000
2310.000000    2.428824
2311.000000    2.414781
2312.000000    2.400871
2313.000000    2.387091
2314.000000    2.373440
2315.000000    2.359916
2316.000000    2.346518
2317.000000    2.333243
2318.000000    2.320092
2319.000000    2.307062
2320.000000    2.294151
2321.000000    2.281359
2322.000000    2.268683
2323.000000    2.256123
2324.000000    2.243677
2325.000000    2.231343
2326.000000    2.219121
2327.000000    2.207009
2328.000000    2.195005
2329.000000    2.183109
2330.000000    2.171319
2331.000000    2.159634
2332.000000    2.148052
2333.000000    2.136573
2334.000000    2.125195
2335.000000    2.113917
2336.000000    2.102738
2337.000000    2.091657
2338.000000    2.080673
2339.000000    2.069784
2340.000000    2.058990
2341.000000    2.048288
2342.000000    2.037680
2343.000000    2.027162
2344.000000    2.016735
2345.000000    2.006397
2346.000000    1.996148
2347.000000    1.985985
2348.000000    1.975909
2349.000000    1.965918
2350.000000    1.956012
2351.000000    1.946189
2352.000000    1.936448
2353.000000    1.926789
2354.000000    1.917211
2355.000000    1.907713
2356.000000    1.898294
2357.000000    1.888952
2358.000000    1.879688
2359.000000    1.870501
2360.000000    1.861389
2361.000000    1.852352
2362.000000    1.843389
2363.000000    1.834499
2364.000000    1.825682
2365.000000    1.816936
2366.000000    1.808261
2367.000000    1.799657
2368.000000    1.791122
2369.000000    1.782655
2370.000000    1.774257
2371.000000    1.765926
2372.000000    1.757661
2373.000000    1.749462
2374.000000    1.741329
2375.000000    1.733260
2376.000000    1.725255
2377.000000    1.717313
2378.000000    1.709434
2379.000000    1.701617
2380.000000    1.693861
2381.000000    1.686166
2382.000000    1.678530
2383.000000    1.670955
2384.000000    1.663438
2385.000000    1.655979
2386.000000    1.648579
2387.000000    1.641235
2388.000000    1.633948
2389.000000    1.626717
2390.000000    1.619541
2391.000000    1.612421
2392.000000    1.605354
2393.000000    1.598342
2394.000000    1.591383
2395.000000    1.584477
2396.000000    1.577622
2397.000000    1.570820
2398.000000    1.564069
2399.000000    1.557369
2400.000000    1.550719
2401.000000    1.544119
2402.000000    1.537569
2403.000000    1.531067
2404.000000    1.524613
2405.000000    1.518208
2406.000000    1.511850
2407.000000    1.505539
2408.000000    1.499275
2409.000000    1.493057
2410.000000    1.486885
2411.000000    1.480758
2412.000000    1.474676
2413.000000    1.468638
2414.000000    1.462645
2415.000000    1.456695
2416.000000    1.450788
2417.000000    1.444925
2418.000000    1.439103
2419.000000    1.433324
2420.000000    1.427587
2421.000000    1.421891
2422.000000    1.416236
2423.000000    1.410621
2424.000000    1.405047
2425.000000    1.399513
2426.000000    1.394018
2427.000000    1.388563
2428.000000    1.383146
2429.000000    1.377768
2430.000000    1.372427
2431.000000    1.367125
2432.000000    1.361860
2433.000000    1.356632
2434.000000    1.351441
2435.000000    1.346287
2436.000000    1.341169
2437.000000    1.336086
2438.000000    1.331040
2439.000000    1.326028
2440.000000    1.321052
2441.000000    1.316110
2442.000000    1.311202
2443.000000    1.306329
2444.000000    1.301489
2445.000000    1.296683
2446.000000    1.291910
2447.000000    1.287170
2448.000000    1.282462
2449.000000    1.277787
2450.000000    1.273144
2451.000000    1.268533
2452.000000    1.263954
2453.000000    1.259405
2454.000000    1.254888
2455.000000    1.250402
2456.000000    1.245946
2457.000000    1.241521
2458.000000    1.237125
2459.000000    1.232760
2460.000000    1.228424
2461.000000    1.224117
2462.000000    1.219840
2463.000000    1.215591
2464.000000    1.211371
2465.000000    1.207179
2466.000000    1.203016
2467.000000    1.198880
2468.000000    1.194772
2469.000000    1.190692
2470.000000    1.186639
2471.000000    1.182613
2472.000000    1.178614
2473.000000    1.174641
2474.000000    1.170695
2475.000000    1.166776
2476.000000    1.162882
2477.000000    1.159014
2478.000000    1.155172
2479.000000    1.151355
2480.000000    1.147564
2481.000000    1.143798
2482.000000    1.140056
2483.000000    1.136339
2484.000000    1.132647
2485.000000    1.128979
2486.000000    1.125335
2487.000000    1.121715
2488.000000    1.118119
2489.000000    1.114546
2490.000000    1.110997
2491.000000    1.107471
2492.000000    1.103968
2493.000000    1.100488
2494.000000    1.097031
2495.000000    1.093596
2496.000000    1.090184
2497.000000    1.086794
2498.000000    1.083426
2499.000000    1.080080
2500.000000    1.076756
2501.000000    1.073453
2502.000000    1.070172
2503.000000    1.066912
2504.000000    1.063673
2505.000000    1.060456
2506.000000    1.057259
2507.000000    1.054083
2508.000000    1.050927
2509.000000    1.047792
2510.000000    1.044677
2511.000000    1.041582
2512.000000    1.038508
2513.000000    1.035453
2514.000000    1.032418
2515.000000    1.029402
2516.000000    1.026406
2517.000000    1.023429
2518.000000    1.020472
2519.000000    1.017533
2520.000000    1.014614
2521.000000    1.011713
2522.000000    1.008831
2523.000000    1.005967
2524.000000    1.003122
2525.000000    1.000295
2526.000000    0.997487
2527.000000    0.994696
2528.000000    0.991924
2529.000000    0.989169
2530.000000    0.986432
2531.000000    0.983713
2532.000000    0.981011
2533.000000    0.978326
2534.000000    0.975659
2535.000000    0.973009
2536.000000    0.970376
2537.000000    0.967760
2538.000000    0.965161
2539.000000    0.962579
2540.000000    0.960013
2541.000000    0.957464
2542.000000    0.954931
2543.000000    0.952414
2544.000000    0.949914
2545.000000    0.947430
2546.000000    0.944962
2547.000000    0.942510
2548.000000    0.940073
2549.000000    0.937653
2550.000000    0.935248
2551.000000    0.932858
2552.000000    0.930485
2553.000000    0.928126
2554.000000    0.925783
2555.000000    0.923455
2556.000000    0.921142
2557.000000    0.918844
2558.000000    0.916561
2559.000000    0.914293
2560.000000    0.912039
2561.000000    0.909800
2562.000000    0.907576
2563.000000    0.905367
2564.000000    0.903171
2565.000000    0.900991
2566.000000    0.898824
2567.000000    0.896672
2568.000000    0.894533
2569.000000    0.892409
2570.000000    0.890299
2571.000000    0.888203
2572.000000    0.886120
2573.000000    0.884051
2574.000000    0.881996
2575.000000    0.879954
2576.000000    0.877926
2577.000000    0.875912
2578.000000    0.873910
2579.000000    0.871922
2580.000000    0.869948
2581.000000    0.867986
2582.000000    0.866038
2583.000000    0.864102
2584.000000    0.862180
2585.000000    0.860270
2586.000000    0.858374
2587.000000    0.856490
2588.000000    0.854619
2589.000000    0.852760
2590.000000    0.850914
2591.000000    0.849081
2592.000000    0.847260
2593.000000    0.845451
2594.000000    0.843655
2595.000000    0.841871
2596.000000    0.840100
2597.000000    0.838340
2598.000000    0.836593
2599.000000    0.834858
2600.000000    0.833134
2601.000000    0.831423
2602.000000    0.829724
2603.000000    0.828036
2604.000000    0.826361
2605.000000    0.824697
2606.000000    0.823044
2607.000000    0.821404
2608.000000    0.819775
2609.000000    0.818157
2610.000000    0.816551
2611.000000    0.814957
2612.000000    0.813374
2613.000000    0.811802
2614.000000    0.810241
2615.000000    0.808692
2616.000000    0.807154
2617.000000    0.805627
2618.000000    0.804112
2619.000000    0.802607
2620.000000    0.801114
2621.000000    0.799631
2622.000000    0.798160
2623.000000    0.796699
2624.000000    0.795249
2625.000000    0.793810
2626.000000    0.792382
2627.000000    0.790965
2628.000000    0.789558
2629.000000    0.788162
2630.000000    0.786777
2631.000000    0.785402
2632.000000    0.784038
2633.000000    0.782684
2634.000000    0.781341
2635.000000    0.780009
2636.000000    0.778686
2637.000000    0.777374
2638.000000    0.776073
2639.000000    0.774782
2640.000000    0.773501
2641.000000    0.772230
2642.000000    0.770970
2643.000000    0.769720
2644.000000    0.768480
2645.000000    0.767250
2646.000000    0.766031
2647.000000    0.764821
2648.000000    0.763621
2649.000000    0.762432
2650.000000    0.761252
2651.000000    0.760083
2652.000000    0.758923
2653.000000    0.757774
2654.000000    0.756634
2655.000000    0.755504
2656.000000    0.754384
2657.000000    0.753274
2658.000000    0.752173
2659.000000    0.751083
2660.000000    0.750002
2661.000000    0.748930
2662.000000    0.747869
2663.000000    0.746817
2664.000000    0.745775
2665.000000    0.744743
2666.000000    0.743720
2667.000000    0.742707
2668.000000    0.741703
2669.000000    0.740709
2670.000000    0.739725
2671.000000    0.738750
2672.000000    0.737784
2673.000000    0.736828
2674.000000    0.735882
2675.000000    0.734945
2676.000000    0.734018
2677.000000    0.733100
2678.000000    0.732191
2679.000000    0.731292
2680.000000    0.730402
2681.000000    0.729522
2682.000000    0.728651
2683.000000    0.727789
2684.000000    0.726937
2685.000000    0.726094
2686.000000    0.725260
2687.000000    0.724436
2688.000000    0.723621
2689.000000    0.722816
2690.000000    0.722019
2691.000000    0.721232
2692.000000    0.720455
2693.000000    0.719686
2694.000000    0.718927
2695.000000    0.718177
2696.000000    0.717436
2697.000000    0.716705
2698.000000    0.715983
2699.000000    0.715270
2700.000000    0.714566
2701.000000    0.713872
2702.000000    0.713186
2703.000000    0.712511
2704.000000    0.711844
2705.000000    0.711186
2706.000000    0.710538
2707.000000    0.709899
2708.000000    0.709269
2709.000000    0.708649
2710.000000    0.708037
2711.000000    0.707435
2712.000000    0.706842
2713.000000    0.706259
2714.000000    0.705685
2715.000000    0.705119
2716.000000    0.704564
2717.000000    0.704017
2718.000000    0.703480
2719.000000    0.702952
2720.000000    0.702433
2721.000000    0.701923
2722.000000    0.701423
2723.000000    0.700932
2724.000000    0.700451
2725.000000    0.699978
2726.000000    0.699515
2727.000000    0.699062
2728.000000    0.698617
2729.000000    0.698182
2730.000000    0.697757
2731.000000    0.697341
2732.000000    0.696934
2733.000000    0.696536
2734.000000    0.696149
2735.000000    0.695770
2736.000000    0.695401
2737.000000    0.695041
2738.000000    0.694691
2739.000000    0.694351
2740.000000    0.694019
2741.000000    0.693698
2742.000000    0.693386
2743.000000    0.693083
2744.000000    0.692791
2745.000000    0.692507
2746.000000    0.692234
2747.000000    0.691970
2748.000000    0.691715
2749.000000    0.691471
2750.000000    0.691236
2751.000000    0.691011
2752.000000    0.690796
2753.000000    0.690590
2754.000000    0.690394
2755.000000    0.690209
2756.000000    0.690033
2757.000000    0.689866
2758.000000    0.689710
2759.000000    0.689564
2760.000000    0.689428
2761.000000    0.689302
2762.000000    0.689186
2763.000000    0.689080
2764.000000    0.688984
2765.000000    0.688898
2766.000000    0.688822
2767.000000    0.688757
2768.000000    0.688702
2769.000000    0.688657
2770.000000    0.688623
2771.000000    0.688599
2772.000000    0.688585
2773.000000    0.688582
2774.000000    0.688589
2775.000000    0.688607
2776.000000    0.688635
2777.000000    0.688674
2778.000000    0.688724
2779.000000    0.688784
2780.000000    0.688855
2781.000000    0.688937
2782.000000    0.689030
2783.000000    0.689134
2784.000000    0.689248
2785.000000    0.689374
2786.000000    0.689510
2787.000000    0.689658
2788.000000    0.689817
2789.000000    0.689987
2790.000000    0.690168
2791.000000    0.690360
2792.000000    0.690564
2793.000000    0.690780
2794.000000    0.691006
2795.000000    0.691245
2796.000000    0.691495
2797.000000    0.691756
2798.000000    0.692029
2799.000000    0.692314
2800.000000    0.692611
2801.000000    0.692920
2802.000000    0.693241
2803.000000    0.693573
2804.000000    0.693918
2805.000000    0.694275
2806.000000    0.694645
2807.000000    0.695026
2808.000000    0.695420
2809.000000    0.695827
2810.000000    0.696246
2811.000000    0.696677
2812.000000    0.697122
2813.000000    0.697579
2814.000000    0.698049
2815.000000    0.698532
2816.000000    0.699027
2817.000000    0.699536
2818.000000    0.700059
2819.000000    0.700594
2820.000000    0.701143
2821.000000    0.701705
2822.000000    0.702281
2823.000000    0.702870
2824.000000    0.703473
2825.000000    0.704090
2826.000000    0.704721
2827.000000    0.705366
2828.000000    0.706025
2829.000000    0.706698
2830.000000    0.707385
2831.000000    0.708087
2832.000000    0.708804
2833.000000    0.709535
2834.000000    0.710280
2835.000000    0.711041
2836.000000    0.711817
2837.000000    0.712607
2838.000000    0.713413
2839.000000    0.714234
2840.000000    0.715071
2841.000000    0.715923
2842.000000    0.716791
2843.000000    0.717675
2844.000000    0.718574
2845.000000    0.719490
2846.000000    0.720421
2847.000000    0.721370
2848.000000    0.722334
2849.000000    0.723315
2850.000000    0.724313
2851.000000    0.725328
2852.000000    0.726359
2853.000000    0.727408
2854.000000    0.728475
2855.000000    0.729558
2856.000000    0.730659
2857.000000    0.731778
2858.000000    0.732915
2859.000000    0.734070
2860.000000    0.735244
2861.000000    0.736435
2862.000000    0.737645
2863.000000    0.738874
2864.000000    0.740122
2865.000000    0.741389
2866.000000    0.742675
2867.000000    0.743981
2868.000000    0.745306
2869.000000    0.746651
2870.000000    0.748016
2871.000000    0.749401
2872.000000    0.750807
2873.000000    0.752233
2874.000000    0.753680
2875.000000    0.755148
2876.000000    0.756637
2877.000000    0.758148
2878.000000    0.759680
2879.000000    0.761234
2880.000000    0.762810
2881.000000    0.764409
2882.000000    0.766030
2883.000000    0.767673
2884.000000    0.769340
2885.000000    0.771030
2886.000000    0.772743
2887.000000    0.774480
2888.000000    0.776241
2889.000000    0.778026
2890.000000    0.779835
2891.000000    0.781669
2892.000000    0.783529
2893.000000    0.785413
2894.000000    0.787323
2895.000000    0.789259
2896.000000    0.791221
2897.000000    0.793209
2898.000000    0.795224
2899.000000    0.797266
2900.000000    0.799336
2901.000000    0.801433
2902.000000    0.803557
2903.000000    0.805710
2904.000000    0.807892
2905.000000    0.810102
2906.000000    0.812342
2907.000000    0.814611
2908.000000    0.816910
2909.000000    0.819239
2910.000000    0.821599
2911.000000    0.823990
2912.000000    0.826412
2913.000000    0.828866
2914.000000    0.831352
2915.000000    0.833871
2916.000000    0.836422
2917.000000    0.839007
2918.000000    0.841625
2919.000000    0.844278
2920.000000    0.846965
2921.000000    0.849687
2922.000000    0.852444
2923.000000    0.855237
2924.000000    0.858067
2925.000000    0.860933
2926.000000    0.863837
2927.000000    0.866778
2928.000000    0.869757
2929.000000    0.872775
2930.000000    0.875833
2931.000000    0.878930
2932.000000    0.882067
2933.000000    0.885245
2934.000000    0.888464
2935.000000    0.891725
2936.000000    0.895029
2937.000000    0.898376
2938.000000    0.901766
2939.000000    0.905200
2940.000000    0.908679
2941.000000    0.912203
2942.000000    0.915774
2943.000000    0.919391
2944.000000    0.923055
2945.000000    0.926768
2946.000000    0.930528
2947.000000    0.934339
2948.000000    0.938199
2949.000000    0.942110
2950.000000    0.946072
2951.000000    0.950087
2952.000000    0.954154
2953.000000    0.958275
2954.000000    0.962451
2955.000000    0.966682
2956.000000    0.970969
2957.000000    0.975313
2958.000000    0.979715
2959.000000    0.984175
2960.000000    0.988695
2961.000000    0.993275
2962.000000    0.997917
2963.000000    1.002621
2964.000000    1.007388
2965.000000    1.012219
2966.000000    1.017115
2967.000000    1.022078
2968.000000    1.027107
2969.000000    1.032205
2970.000000    1.037372
2971.000000    1.042610
2972.000000    1.047919
2973.000000    1.053301
2974.000000    1.058757
2975.000000    1.064287
2976.000000    1.069894
2977.000000    1.075578
2978.000000    1.081341
2979.000000    1.087184
2980.000000    1.093109
2981.000000    1.099116
2982.000000    1.105207
2983.000000    1.111383
2984.000000    1.117646
2985.000000    1.123998
2986.000000    1.130439
2987.000000    1.136972
2988.000000    1.143598
2989.000000    1.150318
2990.000000    1.157134
2991.000000    1.164048
2992.000000    1.171062
2993.000000    1.178177
2994.000000    1.185395
2995.000000    1.192718
2996.000000    1.200147
2997.000000    1.207685
2998.000000    1.215334
2999.000000    1.223095
3000.000000    1.230971
3001.000000    1.238963
3002.000000    1.247074
3003.000000    1.255307
3004.000000    1.263662
3005.000000    1.272143
3006.000000    1.280752
3007.000000    1.289491
3008.000000    1.298363
3009.000000    1.307370
3010.000000    1.316515
3011.000000    1.325800
3012.000000    1.335229
3013.000000    1.344803
3014.000000    1.354526
3015.000000    1.364401
3016.000000    1.374430
3017.000000    1.384617
3018.000000    1.394965
3019.000000    1.405477
3020.000000    1.416156
3021.000000    1.427006
3022.000000    1.438030
3023.000000    1.449232
3024.000000    1.460615
3025.000000    1.472183
3026.000000    1.483940
3027.000000    1.495889
3028.000000    1.508036
3029.000000    1.520384
3030.000000    1.532936
3031.000000    1.545699
3032.000000    1.558675
3033.000000    1.571870
3034.000000    1.585289
3035.000000    1.598936
3036.000000    1.612816
3037.000000    1.626934
3038.000000    1.641296
3039.000000    1.655908
3040.000000    1.670773
3041.000000    1.685900
3042.000000    1.701292
3043.000000    1.716957
3044.000000    1.732900
3045.000000    1.749128
3046.000000    1.765648
3047.000000    1.782466
3048.000000    1.799590
3049.000000    1.817026
3050.000000    1.834782
3051.000000    1.852865
3052.000000    1.871284
3053.000000    1.890046
3054.000000    1.909161
3055.000000    1.928635
3056.000000    1.948479
3057.000000    1.968702
3058.000000    1.989312
3059.000000    2.010319
3060.000000    2.031735
3061.000000    2.053568
3062.000000    2.075830
3063.000000    2.098531
3064.000000    2.121683
3065.000000    2.145298
3066.000000    2.169387
3067.000000    2.193964
3068.000000    2.219041
3069.000000    2.244632
3070.000000    2.270749
3071.000000    2.297409
3072.000000    2.324625
3073.000000    2.352412
3074.000000    2.380786
3075.000000    2.409765
3076.000000    2.439363
3077.000000    2.469600
3078.000000    2.500493
3079.000000    2.532061
3080.000000    2.564323
3081.000000    2.597299
3082.000000    2.631011
3083.000000    2.665479
3084.000000    2.700726
3085.000000    2.736776
3086.000000    2.773653
3087.000000    2.811380
3088.000000    2.849986
3089.000000    2.889495
3090.000000    2.929937
3091.000000    2.971340
3092.000000    3.013735
3093.000000    3.057152
3094.000000    3.101625
3095.000000    3.147187
3096.000000    3.193874
3097.000000    3.241722
3098.000000    3.290769
3099.000000    3.341055
3100.000000    3.392622
3101.000000    3.445512
3102.000000    3.499771
3103.000000    3.555445
3104.000000    3.612583
3105.000000    3.671236
3106.000000    3.731457
3107.000000    3.793302
3108.000000    3.856828
3109.000000    3.922096
3110.000000    3.989168
3111.000000    4.058112
3112.000000    4.128995
3113.000000    4.201891
3114.000000    4.276874
3115.000000    4.354024
3116.000000    4.433423
3117.000000    4.515158
3118.000000    4.599320
3119.000000    4.686004
3120.000000    4.775310
3121.000000    4.867342
3122.000000    4.962211
3123.000000    5.060033
3124.000000    5.160927
3125.000000    5.265023
3126.000000    5.372453
3127.000000    5.483359
3128.000000    5.597890
3129.000000    5.716200
3130.000000    5.838456
3131.000000    5.964830
3132.000000    6.095505
3133.000000    6.230673
3134.000000    6.370539
3135.000000    6.515317
3136.000000    6.665234
3137.000000    6.820529
3138.000000    6.981457
3139.000000    7.148286
3140.000000    7.321299
3141.000000    7.500798
3142.000000    7.687101
3143.000000    7.880547
3144.000000    8.081493
3145.000000    8.290321
3146.000000    8.507434
3147.000000    8.733262
3148.000000    8.968261
3149.000000    9.212918
3150.000000    9.467748
3151.000000    9.733303
3152.000000   10.010169
3153.000000   10.298971
3154.000000   10.600376
3155.000000   10.915097
3156.000000   11.243894
3157.000000   11.587579
3158.000000   11.947021
3159.000000   12.323148
3160.000000   12.716956
3161.000000   13.129508
3162.000000   13.561945
3163.000000   14.015488
3164.000000   14.491448
3165.000000   14.991229
3166.000000   15.516337
3167.000000   16.068390
3168.000000   16.649124
3169.000000   17.260401
3170.000000   17.904220
3171.000000   18.582730
3172.000000   19.298232
3173.000000   20.053199
3174.000000   20.850283
3175.000000   21.692324
3176.000000   22.582365
3177.000000   23.523661
3178.000000   24.519690
3179.000000   25.574160
3180.000000   26.691016
3181.000000   27.874447
3182.000000   29.128882
3183.000000   30.458987
3184.000000   31.869654
3185.000000   33.365978
3186.000000   34.953225
3187.000000   36.636784
3188.000000   38.422102
3189.000000   40.314592
3190.000000   42.319515
3191.000000   44.441828
3192.000000   46.685987
3193.000000   49.055703
3194.000000   51.553645
3195.000000   54.181068
3196.000000   56.937387
3197.000000   59.819669
3198.000000   62.822058
3199.000000   65.935142
3200.000000   69.145277
3201.000000   72.433901
3202.000000   75.776896
3203.000000   79.144047
3204.000000   82.498710
3205.000000   85.797756
3206.000000   88.991934
3207.000000   92.026727
3208.000000   94.843788
3209.000000   97.382978
3210.000000   99.584949
3211.000000  101.394155
3212.000000  102.762033
3213.000000  103.650074
3214.000000  104.032437
3215.000000  103.897791
3216.000000  103.250142
3217.000000  102.108537
3218.000000  100.505690
3219.000000   98.485701
3220.000000   96.101163
3221.000000   93.409992
3222.000000   90.472300
3223.000000   87.347584
3224.000000   84.092415
3225.000000   80.758715
3226.000000   77.392623
3227.000000   74.033913
3228.000000   70.715858
3229.000000   67.465447
3230.000000   64.303832
3231.000000   61.246933
3232.000000   58.306109
3233.000000   55.488841
3234.000000   52.799387
3235.000000   50.239394
3236.000000   47.808430
3237.000000   45.504455
3238.000000   43.324219
3239.000000   41.263587
3240.000000   39.317817
3241.000000   37.481773
3242.000000   35.750095
3243.000000   34.117343
3244.000000   32.578089
3245.000000   31.127001
3246.000000   29.758897
3247.000000   28.468785
3248.000000   27.251888
3249.000000   26.103662
3250.000000   25.019803
3251.000000   23.996249
3252.000000   23.029178
3253.000000   22.115004
3254.000000   21.250366
3255.000000   20.432121
3256.000000   19.657331
3257.000000   18.923257
3258.000000   18.227341
3259.000000   17.567200
3260.000000   16.940614
3261.000000   16.345514
3262.000000   15.779973
3263.000000   15.242195
3264.000000   14.730507
3265.000000   14.243351
3266.000000   13.779274
3267.000000   13.336921
3268.000000   12.915030
3269.000000   12.512421
3270.000000   12.127994
3271.000000   11.760723
3272.000000   11.409648
3273.000000   11.073871
3274.000000   10.752554
3275.000000   10.444912
3276.000000   10.150210
3277.000000    9.867760
3278.000000    9.596917
3279.000000    9.337076
3280.000000    9.087670
3281.000000    8.848166
3282.000000    8.618063
3283.000000    8.396892
3284.000000    8.184210
3285.000000    7.979601
3286.000000    7.782674
3287.000000    7.593059
3288.000000    7.410409
3289.000000    7.234397
3290.000000    7.064712
3291.000000    6.901064
3292.000000    6.743176
3293.000000    6.590787
3294.000000    6.443652
3295.000000    6.301538
3296.000000    6.164223
3297.000000    6.031500
3298.000000    5.903170
3299.000000    5.779046
3300.000000    5.658950
3301.000000    5.542713
3302.000000    5.430176
3303.000000    5.321186
3304.000000    5.215599
3305.000000    5.113278
3306.000000    5.014091
3307.000000    4.917916
3308.000000    4.824633
3309.000000    4.734130
3310.000000    4.646300
3311.000000    4.561040
3312.000000    4.478254
3313.000000    4.397849
3314.000000    4.319735
3315.000000    4.243829
3316.000000    4.170049
3317.000000    4.098319
3318.000000    4.028564
3319.000000    3.960714
3320.000000    3.894702
3321.000000    3.830463
3322.000000    3.767936
3323.000000    3.707062
3324.000000    3.647783
3325.000000    3.590046
3326.000000    3.533799
3327.000000    3.478992
3328.000000    3.425577
3329.000000    3.373509
3330.000000    3.322744
3331.000000    3.273239
3332.000000    3.224954
3333.000000    3.177850
3334.000000    3.131890
3335.000000    3.087038
3336.000000    3.043259
3337.000000    3.000520
3338.000000    2.958789
3339.000000    2.918037
3340.000000    2.878232
3341.000000    2.839346
3342.000000    2.801353
3343.000000    2.764226
3344.000000    2.727939
3345.000000    2.692467
3346.000000    2.657788
3347.000000    2.623879
3348.000000    2.590717
3349.000000    2.558282
3350.000000    2.526552
3351.000000    2.495509
3352.000000    2.465133
3353.000000    2.435406
3354.000000    2.406310
3355.000000    2.377828
3356.000000    2.349944
3357.000000    2.322640
3358.000000    2.295903
3359.000000    2.269717
3360.000000    2.244067
3361.000000    2.218940
3362.000000    2.194322
3363.000000    2.170199
3364.000000    2.146560
3365.000000    2.123392
3366.000000    2.100683
3367.000000    2.078421
3368.000000    2.056596
3369.000000    2.035197
3370.000000    2.014212
3371.000000    1.993633
3372.000000    1.973449
3373.000000    1.953651
3374.000000    1.934229
3375.000000    1.915174
3376.000000    1.896479
3377.000000    1.878133
3378.000000    1.860130
3379.000000    1.842462
3380.000000    1.825119
3381.000000    1.808096
3382.000000    1.791385
3383.000000    1.774979
3384.000000    1.758870
3385.000000    1.743053
3386.000000    1.727520
3387.000000    1.712266
3388.000000    1.697285
3389.000000    1.682569
3390.000000    1.668115
3391.000000    1.653916
3392.000000    1.639966
3393.000000    1.626261
3394.000000    1.612795
3395.000000    1.599563
3396.000000    1.586561
3397.000000    1.573783
3398.000000    1.561224
3399.000000    1.548882
3400.000000    1.536750
3401.000000    1.524825
3402.000000    1.513103
3403.000000    1.501579
3404.000000    1.490251
3405.000000    1.479112
3406.000000    1.468161
3407.000000    1.457394
3408.000000    1.446806
3409.000000    1.436395
3410.000000    1.426156
3411.000000    1.416088
3412.000000    1.406186
3413.000000    1.396447
3414.000000    1.386869
3415.000000    1.377449
3416.000000    1.368183
3417.000000    1.359069
3418.000000    1.350103
3419.000000    1.341284
3420.000000    1.332609
3421.000000    1.324075
3422.000000    1.315679
3423.000000    1.307420
3424.000000    1.299295
3425.000000    1.291301
3426.000000    1.283436
3427.000000    1.275698
3428.000000    1.268086
3429.000000    1.260596
3430.000000    1.253227
3431.000000    1.245976
3432.000000    1.238843
3433.000000    1.231824
3434.000000    1.224918
3435.000000    1.218124
3436.000000    1.211438
3437.000000    1.204861
3438.000000    1.198389
3439.000000    1.192022
3440.000000    1.185758
3441.000000    1.179594
3442.000000    1.173530
3443.000000    1.167565
3444.000000    1.161695
3445.000000    1.155921
3446.000000    1.150241
3447.000000    1.144653
3448.000000    1.139156
3449.000000    1.133748
3450.000000    1.128429
3451.000000    1.123197
3452.000000    1.118051
3453.000000    1.112990
3454.000000    1.108012
3455.000000    1.103117
3456.000000    1.098303
3457.000000    1.093569
3458.000000    1.088914
3459.000000    1.084338
3460.000000    1.079838
3461.000000    1.075414
3462.000000    1.071065
3463.000000    1.066791
3464.000000    1.062590
3465.000000    1.058460
3466.000000    1.054403
3467.000000    1.050415
3468.000000    1.046498
3469.000000    1.042649
3470.000000    1.038868
3471.000000    1.035155
3472.000000    1.031507
3473.000000    1.027926
3474.000000    1.024409
3475.000000    1.020957
3476.000000    1.017568
3477.000000    1.014242
3478.000000    1.010978
3479.000000    1.007776
3480.000000    1.004635
3481.000000    1.001553
3482.000000    0.998532
3483.000000    0.995569
3484.000000    0.992665
3485.000000    0.989819
3486.000000    0.987030
3487.000000    0.984297
3488.000000    0.981621
3489.000000    0.979001
3490.000000    0.976436
3491.000000    0.973926
3492.000000    0.971470
3493.000000    0.969068
3494.000000    0.966720
3495.000000    0.964424
3496.000000    0.962181
3497.000000    0.959990
3498.000000    0.957851
3499.000000    0.955762
3500.000000    0.953725
3501.000000    0.951739
3502.000000    0.949803
3503.000000    0.947916
3504.000000    0.946079
3505.000000    0.944292
3506.000000    0.942553
3507.000000    0.940863
3508.000000    0.939221
3509.000000    0.937627
3510.000000    0.936081
3511.000000    0.934583
3512.000000    0.933131
3513.000000    0.931727
3514.000000    0.930369
3515.000000    0.929058
3516.000000    0.927793
3517.000000    0.926575
3518.000000    0.925402
3519.000000    0.924275
3520.000000    0.923193
3521.000000    0.922157
3522.000000    0.921166
3523.000000    0.920220
3524.000000    0.919319
3525.000000    0.918463
3526.000000    0.917652
3527.000000    0.916885
3528.000000    0.916162
3529.000000    0.915483
3530.000000    0.914849
3531.000000    0.914259
3532.000000    0.913713
3533.000000    0.913211
3534.000000    0.912753
3535.000000    0.912339
3536.000000    0.911969
3537.000000    0.911642
3538.000000    0.911360
3539.000000    0.911121
3540.000000    0.910926
3541.000000    0.910774
3542.000000    0.910666
3543.000000    0.910602
3544.000000    0.910582
3545.000000    0.910606
3546.000000    0.910674
3547.000000    0.910785
3548.000000    0.910941
3549.000000    0.911140
3550.000000    0.911384
3551.000000    0.911672
3552.000000    0.912004
3553.000000    0.912380
3554.000000    0.912801
3555.000000    0.913267
3556.000000    0.913777
3557.000000    0.914333
3558.000000    0.914933
3559.000000    0.915579
3560.000000    0.916270
3561.000000    0.917006
3562.000000    0.917788
3563.000000    0.918616
3564.000000    0.919490
3565.000000    0.920411
3566.000000    0.921378
3567.000000    0.922391
3568.000000    0.923452
3569.000000    0.924560
3570.000000    0.925715
3571.000000    0.926919
3572.000000    0.928170
3573.000000    0.929470
3574.000000    0.930818
3575.000000    0.932215
3576.000000    0.933661
3577.000000    0.935158
3578.000000    0.936704
3579.000000    0.938300
3580.000000    0.939947
3581.000000    0.941645
3582.000000    0.943395
3583.000000    0.945196
3584.000000    0.947050
3585.000000    0.948956
3586.000000    0.950916
3587.000000    0.952929
3588.000000    0.954996
3589.000000    0.957117
3590.000000    0.959294
3591.000000    0.961526
3592.000000    0.963814
3593.000000    0.966159
3594.000000    0.968561
3595.000000    0.971021
3596.000000    0.973539
3597.000000    0.976116
3598.000000    0.978752
3599.000000    0.981448
3600.000000    0.984206
3601.000000    0.987024
3602.000000    0.989905
3603.000000    0.992848
3604.000000    0.995855
3605.000000    0.998926
3606.000000    1.002063
3607.000000    1.005265
3608.000000    1.008533
3609.000000    1.011869
3610.000000    1.015273
3611.000000    1.018746
3612.000000    1.022289
3613.000000    1.025902
3614.000000    1.029588
3615.000000    1.033346
3616.000000    1.037177
3617.000000    1.041084
3618.000000    1.045066
3619.000000    1.049124
3620.000000    1.053260
3621.000000    1.057475
3622.000000    1.061770
3623.000000    1.066146
3624.000000    1.070604
3625.000000    1.075145
3626.000000    1.079771
3627.000000    1.084483
3628.000000    1.089282
3629.000000    1.094170
3630.000000    1.099147
3631.000000    1.104216
3632.000000    1.109377
3633.000000    1.114632
3634.000000    1.119983
3635.000000    1.125432
3636.000000    1.130978
3637.000000    1.136626
3638.000000    1.142375
3639.000000    1.148228
3640.000000    1.154186
3641.000000    1.160252
3642.000000    1.166426
3643.000000    1.172712
3644.000000    1.179110
3645.000000    1.185623
3646.000000    1.192253
3647.000000    1.199002
3648.000000    1.205872
3649.000000    1.212866
3650.000000    1.219984
3651.000000    1.227231
3652.000000    1.234607
3653.000000    1.242117
3654.000000    1.249761
3655.000000    1.257543
3656.000000    1.265466
3657.000000    1.273531
3658.000000    1.281742
3659.000000    1.290102
3660.000000    1.298613
3661.000000    1.307279
3662.000000    1.316102
3663.000000    1.325087
3664.000000    1.334235
3665.000000    1.343551
3666.000000    1.353038
3667.000000    1.362700
3668.000000    1.372539
3669.000000    1.382561
3670.000000    1.392768
3671.000000    1.403165
3672.000000    1.413756
3673.000000    1.424545
3674.000000    1.435537
3675.000000    1.446735
3676.000000    1.458145
3677.000000    1.469771
3678.000000    1.481619
3679.000000    1.493692
3680.000000    1.505997
3681.000000    1.518538
3682.000000    1.531322
3683.000000    1.544354
3684.000000    1.557639
3685.000000    1.571184
3686.000000    1.584995
3687.000000    1.599079
3688.000000    1.613441
3689.000000    1.628090
3690.000000    1.643031
3691.000000    1.658273
3692.000000    1.673822
3693.000000    1.689687
3694.000000    1.705875
3695.000000    1.722396
3696.000000    1.739257
3697.000000    1.756467
3698.000000    1.774035
3699.000000    1.791972
3700.000000    1.810286
3701.000000    1.828988
3702.000000    1.848089
3703.000000    1.867599
3704.000000    1.887529
3705.000000    1.907891
3706.000000    1.928698
3707.000000    1.949962
3708.000000    1.971695
3709.000000    1.993911
3710.000000    2.016624
3711.000000    2.039849
3712.000000    2.063600
3713.000000    2.087893
3714.000000    2.112744
3715.000000    2.138170
3716.000000    2.164188
3717.000000    2.190816
3718.000000    2.218074
3719.000000    2.245980
3720.000000    2.274555
3721.000000    2.303820
3722.000000    2.333796
3723.000000    2.364507
3724.000000    2.395977
3725.000000    2.428230
3726.000000    2.461292
3727.000000    2.495189
3728.000000    2.529951
3729.000000    2.565605
3730.000000    2.602183
3731.000000    2.639715
3732.000000    2.678236
3733.000000    2.717780
3734.000000    2.758383
3735.000000    2.800082
3736.000000    2.842917
3737.000000    2.886929
3738.000000    2.932162
3739.000000    2.978660
3740.000000    3.026471
3741.000000    3.075644
3742.000000    3.126231
3743.000000    3.178286
3744.000000    3.231866
3745.000000    3.287031
3746.000000    3.343843
3747.000000    3.402368
3748.000000    3.462675
3749.000000    3.524837
3750.000000    3.588929
3751.000000    3.655032
3752.000000    3.723230
3753.000000    3.793612
3754.000000    3.866271
3755.000000    3.941306
3756.000000    4.018820
3757.000000    4.098923
3758.000000    4.181729
3759.000000    4.267362
3760.000000    4.355949
3761.000000    4.447626
3762.000000    4.542538
3763.000000    4.640835
3764.000000    4.742680
3765.000000    4.848241
3766.000000    4.957700
3767.000000    5.071248
3768.000000    5.189088
3769.000000    5.311434
3770.000000    5.438516
3771.000000    5.570576
3772.000000    5.707872
3773.000000    5.850679
3774.000000    5.999289
3775.000000    6.154013
3776.000000    6.315182
3777.000000    6.483149
3778.000000    6.658291
3779.000000    6.841010
3780.000000    7.031735
3781.000000    7.230925
3782.000000    7.439070
3783.000000    7.656694
3784.000000    7.884359
3785.000000    8.122664
3786.000000    8.372252
3787.000000    8.633814
3788.000000    8.908087
3789.000000    9.195863
3790.000000    9.497993
3791.000000    9.815387
3792.000000   10.149024
3793.000000   10.499953
3794.000000   10.869302
3795.000000   11.258281
3796.000000   11.668186
3797.000000   12.100411
3798.000000   12.556449
3799.000000   13.037899
3800.000000   13.546475
3801.000000   14.084010
3802.000000   14.652460
3803.000000   15.253911
3804.000000   15.890585
3805.000000   16.564835
3806.000000   17.279152
3807.000000   18.036157
3808.000000   18.838598
3809.000000   19.689334
3810.000000   20.591318
3811.000000   21.547568
3812.000000   22.561133
3813.000000   23.635036
3814.000000   24.772209
3815.000000   25.975404
3816.000000   27.247086
3817.000000   28.589286
3818.000000   30.003440
3819.000000   31.490172
3820.000000   33.049056
3821.000000   34.678328
3822.000000   36.374559
3823.000000   38.132304
3824.000000   39.943718
3825.000000   41.798177
3826.000000   43.681925
3827.000000   45.577777
3828.000000   47.464950
3829.000000   49.319047
3830.000000   51.112283
3831.000000   52.813991
3832.000000   54.391454
3833.000000   55.811073
3834.000000   57.039837
3835.000000   58.047011
3836.000000   58.805925
3837.000000   59.295668
3838.000000   59.502515
3839.000000   59.420913
3840.000000   59.053883
3841.000000   58.412804
3842.000000   57.516589
3843.000000   56.390378
3844.000000   55.063897
3845.000000   53.569686
3846.000000   51.941358
3847.000000   50.212059
3848.000000   48.413198
3849.000000   46.573519
3850.000000   44.718495
3851.000000   42.870030
3852.000000   41.046402
3853.000000   39.262398
3854.000000   37.529572
3855.000000   35.856594
3856.000000   34.249618
3857.000000   32.712669
3858.000000   31.248005
3859.000000   29.856455
3860.000000   28.537714
3861.000000   27.290602
3862.000000   26.113280
3863.000000   25.003434
3864.000000   23.958422
3865.000000   22.975395
3866.000000   22.051387
3867.000000   21.183395
3868.000000   20.368428
3869.000000   19.603555
3870.000000   18.885931
3871.000000   18.212821
3872.000000   17.581616
3873.000000   16.989835
3874.000000   16.435137
3875.000000   15.915318
3876.000000   15.428308
3877.000000   14.972174
3878.000000   14.545109
3879.000000   14.145431
3880.000000   13.771575
3881.000000   13.422089
3882.000000   13.095627
3883.000000   12.790941
3884.000000   12.506879
3885.000000   12.242377
3886.000000   11.996454
3887.000000   11.768206
3888.000000   11.556802
3889.000000   11.361482
3890.000000   11.181546
3891.000000   11.016358
3892.000000   10.865337
3893.000000   10.727957
3894.000000   10.603742
3895.000000   10.492264
3896.000000   10.393140
3897.000000   10.306032
3898.000000   10.230643
3899.000000   10.166714
3900.000000   10.114027
3901.000000   10.072399
3902.000000   10.041685
3903.000000   10.021774
3904.000000   10.012590
3905.000000   10.014091
3906.000000   10.026268
3907.000000   10.049148
3908.000000   10.082791
3909.000000   10.127290
3910.000000   10.182774
3911.000000   10.249408
3912.000000   10.327391
3913.000000   10.416962
3914.000000   10.518397
3915.000000   10.632012
3916.000000   10.758167
3917.000000   10.897264
3918.000000   11.049752
3919.000000   11.216127
3920.000000   11.396938
3921.000000   11.592789
3922.000000   11.804340
3923.000000   12.032313
3924.000000   12.277495
3925.000000   12.540744
3926.000000   12.822991
3927.000000   13.125246
3928.000000   13.448606
3929.000000   13.794256
3930.000000   14.163478
3931.000000   14.557656
3932.000000   14.978286
3933.000000   15.426975
3934.000000   15.905456
3935.000000   16.415591
3936.000000   16.959375
3937.000000   17.538945
3938.000000   18.156584
3939.000000   18.814725
3940.000000   19.515949
3941.000000   20.262987
3942.000000   21.058715
3943.000000   21.906144
3944.000000   22.808400
3945.000000   23.768708
3946.000000   24.790351
3947.000000   25.876628
3948.000000   27.030786
3949.000000   28.255946
3950.000000   29.554993
3951.000000   30.930445
3952.000000   32.384290
3953.000000   33.917785
3954.000000   35.531212
3955.000000   37.223601
3956.000000   38.992392
3957.000000   40.833073
3958.000000   42.738780
3959.000000   44.699873
3960.000000   46.703526
3961.000000   48.733361
3962.000000   50.769163
3963.000000   52.786740
3964.000000   54.758003
3965.000000   56.651302
3966.000000   58.432110
3967.000000   60.064061
3968.000000   61.510352
3969.000000   62.735447
3970.000000   63.706991
3971.000000   64.397750
3972.000000   64.787390
3973.000000   64.863890
3974.000000   64.624412
3975.000000   64.075508
3976.000000   63.232638
3977.000000   62.119066
3978.000000   60.764280
3979.000000   59.202120
3980.000000   57.468825
3981.000000   55.601190
3982.000000   53.634972
3983.000000   51.603625
3984.000000   49.537415
3985.000000   47.462871
3986.000000   45.402566
3987.000000   43.375129
3988.000000   41.395452
3989.000000   39.475012
3990.000000   37.622262
3991.000000   35.843050
3992.000000   34.141030
3993.000000   32.518055
3994.000000   30.974531
3995.000000   29.509720
3996.000000   28.122017
3997.000000   26.809167
3998.000000   25.568454
3999.000000   24.396851
4000.000000   23.291139
